	0	1	2	3	4	5	6	7	8	9
GSM156172.CEL	7.5245	0.57081	0.075511	0	0	3.4382	0.70805	0	5.4177	0
Fos3_aerobic_wdh_Pae_G1a.CEL	0	0	0.068326	0.20663	0	1.2653	2.738	0	7.7233	0
144_2014wt_anaero.CEL	0	4.5251	0	7.0532	0	1.3854	1.5799	0	7.6189	0
GSM1206645_WT-CHO-1.CEL	0	0	0.14375	3.1991	0	0	6.2529	0.6086	8.1804	1.9941
GSM1206647_WT-DTC-1.CEL	0	0	0.20522	3.0434	0	0	6.362	0.59935	8.0043	1.4608
GSM1206651_WT-PRC-1.CEL	0	0	0.10756	2.975	0	0	6.3282	0.52834	8.3196	1.4596
GSM252501.CEL	5.0974	2.2845	0.023913	0	0	1.0995	4.1848	0	2.6189	0
GSM1206649_WT-ETC-1.CEL	0	0	0.24022	2.8697	0	0	6.2193	0.5538	8.1219	1.7583
GSM1206646_WT-CHO-2.CEL	0	0	0.063222	3.0657	0	0	6.3784	0.3884	8.1573	1.5459
GSM432865.CEL	6.6412	4.2141	0	4.5145	0	0	0.37624	0	0	0
control3_anaerobic_Pae_G1a.CEL	0.21655	2.4658	0.3205	0.16468	0	0.26012	0	0	9.3659	0
GSM1206652_WT-PRC-2.CEL	0	0	0.15663	3.1182	0	0	6.4167	0.67379	8.4762	1.6551
GSM1191067_sphR-pyr-2.CEL	0.41418	0	0.94039	2.5048	0	0	5.3968	1.6963	8.2619	2.3529
FT2_anaerobic_Pae_G1a.CEL	0.20018	2.2329	0.25867	0	0	0	0	0	8.7767	0
Tob1_anaerobic_Pae_G1a.CEL	0.20437	1.3827	0	0	0	0.063911	0	0	8.6783	0
GSM1206650_WT-ETC-2.CEL	0	0	0.12579	2.605	0	0	5.9822	0.44729	7.6817	1.5203
control2aerobic_Pae_G1a.CEL	0	0	0.1715	0.1101	0	0.0035346	0	0	8.965	0.04049
GSM252505.CEL	5.0478	2.1972	0.10354	0	0	0.93669	3.7322	0	2.6449	0.016001
GSM1191066_sphR-pyr-1.CEL	0.13523	0	1.1994	2.6744	0	0	4.7434	1.813	8.553	1.8953
GSM1206653_dgcA-CHO-1.CEL	0	0	0.16551	3.0475	0	0.11999	6.6152	0.31147	8.5777	1.0634
GSM1618386_Wound2.CEL	0	0	0	0	3.6744	3.5853	5.7517	0	1.6321	0
GSM1206654_dgcA-CHO-2.CEL	0	0	0.11261	3.1514	0	0.0076578	6.3589	0.42714	8.5751	1.2946
ETJan12B_1381_2012PAO6_2dR-aero.CEL	0	5.9058	0	7.571	0	2.5948	4.7061	0	8.2086	0
fos1aerobic_Pae_G1a.CEL	0	0	0.30281	0.061701	0	0	0	0	8.7605	0
fos2aerobic_Pae_G1a.CEL	0	0	0.074762	0	0	0	0	0	8.5132	0
GSM1191071_WT-pyr-2.CEL	0.23842	0	0.90782	2.9755	0	0	5.3404	1.8385	8.1804	2.0174
0.1_12hr_CSV86(Pae_G1a).CEL	0	0	0	4.0301	0	3.9172	8.3394	0	0	0.60254
GSM208611.CEL	0	4.5339	0.27627	5.852	0	0	0	0	0	3.9108
MSC_02.CEL	6.0793	5.1905	0	4.6985	0.33915	0	0.24825	0	1.9153	0
GSM567680.CEL	0	1.4323	0	0.4501	0	6.1333	2.008	0	4.5792	0
GSM208610.CEL	0.89334	5.9889	0.39766	5.341	0	0	0.10002	0	0	3.4342
ETJan12B_1378_2012-PAO3wt-aero.CEL	0	5.4199	0	6.7948	0	3.3127	5.6691	0	7.5278	0
FT1_anaerobic_Pae_G1a.CEL	0.11072	1.887	0.24911	0	0	0	0	0	8.9038	0
20mM_CF600.CEL	0	0	0	4.3102	0	4.184	8.5103	0	0	0.36655
control1aerobic_Pae_G1a.CEL	0	0	0.41135	0.10873	0	0	0	0	8.9281	0
Tob2_anaerobic_Pae_G1a.CEL	0.03704	1.8257	0.22345	0	0	0	0	0	9.1039	0
147_2014dR_anaero.CEL	0.093342	4.1988	0.14427	7.6012	0	0.95652	1.0573	0.031448	7.829	0
ETJan12B_1377_2012-PAO2wt-aero.CEL	0	5.7921	0	7.1046	0	2.7509	4.8374	0	7.9755	0
ETJan12B_1380_2012PAO5dR-aero.CEL	0	6.0452	0	7.8388	0	2.4632	4.5633	0	8.2633	0
145_2014dR_anaero.CEL	0	4.165	0.17896	7.5024	0	1.1417	1.4078	0	7.8004	0
GSM1421008_fhpR_NO1.CEL	5.3249	4.5961	0.036631	5.5553	0	0	0	2.1883	1.3245	0
GSM1206644_WT-PYR-2.CEL	0.029224	0	0.2426	3.1102	0	0	6.1089	0.67872	8.2801	1.9357
GSM537321.CEL	0	0	0	3.2732	2.2363	0.46397	6.5397	0	3.7467	0
GSM1662232_WFPA510_1.CEL	0.23637	3.3155	0	0	5.9471	0	0.033117	5.4348	4.7958	0
GSM1421009_fhpR_NO2.CEL	5.6505	4.5156	0.095551	5.1035	0	0	0	1.5001	1.1411	0
MSC_08.CEL	4.2324	4.9337	0.30422	5.8743	2.9055	0	0	1.5333	3.7069	0
GSM243224.CEL	0.48154	2.4076	0.43848	5.888	0.42377	0	0.28714	1.6233	2.1364	0.72105
GSM1206648_WT-DTC-2.CEL	0	0	0.11086	3.017	0	0	6.4359	0.43007	8.315	1.2493
GSM717424.CEL	0.23314	0	0	1.5139	4.9115	3.7599	5.6992	0	1.5065	0
FT3_anaerobic_Pae_G1a.CEL	0.038555	2.3037	0.2967	0.22405	0	0	0	0	9.0142	0
GSM567681.CEL	0	1.8227	0	0.88437	0	5.7331	1.3682	0	5.1091	0.015145
GSM596626.CEL	0.16527	2.8106	0.81427	0	0	0	2.037	0	1.0856	2.6402
GSM1420993_PAO1_NO2.CEL	5.4425	4.3838	0.016108	5.0936	0	0	0	1.9257	1.3964	0
Glu_6Hour_(Pae_G1a).CEL	0	0	0	4.7085	0	4.2545	8.5429	0	0	0.15379
GSM252496.CEL	5.2414	1.9391	0.06045	0	0	1.4608	4.7712	0	2.6785	0
GSM432864.CEL	6.4924	4.1697	0	4.5033	0	0	0.30219	0	0	0
GSM208614.CEL	0	3.6976	0.78611	5.9398	0.13115	0	0	0.011447	0	3.9221
fos3_anaerobic_Pae_G1a.CEL	0.072908	1.5603	0.17916	0	0	0.020475	0	0	9.1687	0
GSM1191069_sphR-surf-2.CEL	0.64394	0	1.4541	3.4537	0	0	4.0758	2.165	8.0331	1.1257
GSM842842_Wright_4_WT-stat-1_Pae_G1a.CEL	9.1273	0	0	0.11645	4.0878	1.7244	0	0	3.8396	3.7326
