	0	1	2	3	4	5	6	7	8	9
GSM156172.CEL	0	0.67025	4.6969	3.5365	8.6759	2.6864	0	0	0	0
Fos3_aerobic_wdh_Pae_G1a.CEL	0	1.5774	3.2393	8.278	0.078784	1.4225	1.0377	0	0	0
144_2014wt_anaero.CEL	0	0	0	6.6298	6.5916	0	0	0	0	3.8071
GSM1206645_WT-CHO-1.CEL	0	0.057981	0	8.0615	0.19435	0	0.12429	0	0	0
GSM1206647_WT-DTC-1.CEL	0	0	0	7.906	0.14398	0	0.51805	0	0	0
GSM1206651_WT-PRC-1.CEL	0	0	0	8.0895	0	0	0.5785	0	0	0
GSM252501.CEL	0	0	4.1996	2.0753	3.7074	3.1144	2.7001	0	0.86527	2.6347
GSM1206649_WT-ETC-1.CEL	0	0.016144	0	7.9687	0	0	0.34473	0	0	0
GSM1206646_WT-CHO-2.CEL	0	0.0068585	0	8.1353	0.022225	0	0.64962	0	0	0
GSM432865.CEL	0.65792	0	3.3726	0.2512	3.949	0.37372	0	0	0	6.6731
control3_anaerobic_Pae_G1a.CEL	0	0.27011	6.3106	7.5765	0	0.2415	0	0.09718	0	0.62048
GSM1206652_WT-PRC-2.CEL	0	0	0	8.3968	0	0	0.24484	0	0	0
GSM1191067_sphR-pyr-2.CEL	0	0.4009	0	7.5619	0	0	0	0	0	0
FT2_anaerobic_Pae_G1a.CEL	0	0.32553	6.4646	7.2874	0.19205	0.25035	0	0	0	0.33569
Tob1_anaerobic_Pae_G1a.CEL	0	0.065912	5.5794	7.6463	0.12907	0.37192	0	0	0	0.5218
GSM1206650_WT-ETC-2.CEL	0	0.080692	0	7.7371	0	0	0.68516	0	0	0
control2aerobic_Pae_G1a.CEL	0	2.8718	4.8262	8.4293	0.18722	0.34129	0	0	0	0
GSM252505.CEL	0	0	4.2944	1.8109	4.0245	2.9128	2.4741	0	1.1583	2.6199
GSM1191066_sphR-pyr-1.CEL	0	0.23861	0	7.3732	0	0	0	0	0	0
GSM1206653_dgcA-CHO-1.CEL	0	0.31473	0	8.7279	0	0	0.92099	0	0	0
GSM1618386_Wound2.CEL	0.32835	0.71627	0.34186	3.5443	0.071387	2.5614	5.5488	0	0	0
GSM1206654_dgcA-CHO-2.CEL	0	0.29243	0	8.633	0	0	0.69132	0	0	0
ETJan12B_1381_2012PAO6_2dR-aero.CEL	0	0	0	8.5446	6.6443	0.88235	0	0	0	5.5536
fos1aerobic_Pae_G1a.CEL	0	1.7304	5.4851	7.8813	0.099578	0.12962	0	0	0.0016196	0
fos2aerobic_Pae_G1a.CEL	0	2.192	4.7406	7.8978	0.061104	0.59127	0	0	0	0
GSM1191071_WT-pyr-2.CEL	0	0.18796	0	7.4714	0	0	0	0	0	0
0.1_12hr_CSV86(Pae_G1a).CEL	0	0	0	6.6201	0.1045	4.5034	6.4207	0	0	0.44522
GSM208611.CEL	7.6581	0	7.5242	0	0.23998	3.5027	0	0	0	0
MSC_02.CEL	0	0	2.2721	0	5.0094	0.66036	0.15473	0	0	6.6294
GSM567680.CEL	0	0	1.9318	4.6275	3.096	5.8583	0	0	0	1.6826
GSM208610.CEL	6.1821	0.27436	7.4712	0.90356	0	3.1802	0	0	0	2.2793
ETJan12B_1378_2012-PAO3wt-aero.CEL	0	0	0	8.3689	5.6301	1.7127	1.2448	0	0	5.0888
FT1_anaerobic_Pae_G1a.CEL	0	0.36117	6.4152	7.4579	0.23573	0.18219	0	0	0	0.2614
20mM_CF600.CEL	0	0	0	7.1521	0.46275	4.4523	6.5265	0	0	0
control1aerobic_Pae_G1a.CEL	0	1.7676	5.6351	7.8031	0.12226	0	0	0	0	0
Tob2_anaerobic_Pae_G1a.CEL	0	0.25863	6.1845	7.4792	0.27249	0.26376	0	0	0	0.33873
147_2014dR_anaero.CEL	0.52677	0.068856	0	6.4857	7.0215	0	0	0	0	4.2373
ETJan12B_1377_2012-PAO2wt-aero.CEL	0	0	0	8.2266	5.9689	1.2185	0.25351	0	0	5.6141
ETJan12B_1380_2012PAO5dR-aero.CEL	0	0	0	8.876	6.8568	0.72593	0	0	0	5.6487
145_2014dR_anaero.CEL	0.29887	0.01061	0	6.9398	6.7239	0	0	0	0	4.2276
GSM1421008_fhpR_NO1.CEL	2.0986	0	2.1615	0	5.633	0.28947	0	0	0	6.2965
GSM1206644_WT-PYR-2.CEL	0	0	0	7.8321	0.14157	0	0	0	0	0
GSM537321.CEL	0	0	0	2.5118	0.16471	1.8784	3.6769	0	0	0
GSM1662232_WFPA510_1.CEL	0	0	0	0.22663	6.9835	0	1.036	0	5.5883	0
GSM1421009_fhpR_NO2.CEL	1.6603	0.10042	2.512	0	5.384	0.32212	0	0	0	6.3623
MSC_08.CEL	2.5093	0	0.64528	0	6.6189	0.87961	0.51144	0	0	4.6528
GSM243224.CEL	5.0097	0.090783	3.2912	0.15196	3.6702	0.20888	0	0	1.491	0.98448
GSM1206648_WT-DTC-2.CEL	0	0	0	8.1633	0.16256	0.012762	0.6928	0	0	0
GSM717424.CEL	0	0.99732	0.10737	4.3824	0.91579	1.3426	6.0635	0	0	0
FT3_anaerobic_Pae_G1a.CEL	0	0.24335	6.4732	7.411	0	0.11053	0	0.025633	0	0.54232
GSM567681.CEL	0	0.037491	2.0364	4.5801	3.5388	5.4709	0	0	0	2.3225
GSM596626.CEL	0.30093	2.4497	4.0627	0	0	0.63423	0.98225	0	0	0.092303
GSM1420993_PAO1_NO2.CEL	1.9411	0	2.4258	0	5.6772	0.30346	0	0	0	6.0032
Glu_6Hour_(Pae_G1a).CEL	0	0	0	7.1318	0.26732	4.4041	6.3826	0	0	0
GSM252496.CEL	0	0	4.0594	2.5559	3.6269	3.3419	3.1695	0	0.29928	2.8376
GSM432864.CEL	0.64437	0	3.2889	0.18627	4.0828	0.33133	0	0	0	6.6506
GSM208614.CEL	7.9229	0	6.4427	0	1.7989	3.6513	0	0	0.13885	0
fos3_anaerobic_Pae_G1a.CEL	0	0.39088	5.9699	7.6134	0.2305	0.20857	0	0	0	0.31585
GSM1191069_sphR-surf-2.CEL	0.41295	0	0	6.8168	0.4957	0	0	0	0	0
GSM842842_Wright_4_WT-stat-1_Pae_G1a.CEL	0	5.8358	5.3625	0.24878	9.393	0.2375	0	0.37297	0	0
