	0	1	2	3	4	5	6	7	8	9	10	11	12	13	14	15	16	17	18	19	20	21	22	23	24	25	26	27	28	29	30	31	32	33	34	35	36	37	38	39	40	41	42	43	44	45	46	47	48	49	50	51	52	53	54	55	56	57	58	59	60	61	62	63	64	65	66	67	68	69	70	71	72	73	74	75	76	77	78	79	80	81	82	83	84	85	86	87	88	89	90	91	92	93	94	95	96	97	98	99
GSM774161_PAO1b.CEL	1.8314	0.82078	1.2977	0	0.78495	0	1.3007	1.9628	2.0883	0	0	0.54321	0	0	2.7823	4.2855	0.12115	4.3598	0	0	0	4.6363	0	0.69199	0	0.3327	0.030897	0.091638	0	5.7604	2.9118	3.5198	0	0.90526	0	1.9093	1.2366	1.0192	2.1201	0	1.3146	1.3028	0	0	0	0.29692	0	0	0.33933	4.7971	1.3204	0.25985	0.15003	0	0.38439	0.49069	0	4.4752	0	0	0.60777	0	0	0.33581	1.7483	2.3068	0	2.6312	1.6474	0.17558	0	0.50518	1.007	0	0	0	0.15065	3.4525	0	0.36693	0.016634	0.49377	0	0.57699	0	0.51459	1.3611	0	2.8165	3.0172	0	0	0.67465	0.8081	0	4.6571	0.37241	4.6716	0.44232	0
Overhage3002_(Pae_G1a).CEL	0	0.74413	0	0	7.6012	0	1.6735	0.52235	1.3168	0	0	0	0	0	0.66939	3.0151	0	0	0	0	0	5.4386	0	0	0	1.0673	4.0041	0	0	3.34	2.9914	3.8679	1.5178	0	2.3127	0	3.6945	0	0	0	0.61184	0	0.34711	3.2208	1.9784	0.32222	2.0732	0	0.23461	2.7377	1.5316	0	1.1629	0	0	0	0.13484	4.8187	0	1.715	2.2887	1.9725	0	2.3577	2.6395	2.7905	0	0.077025	0.4057	0	1.9828	0.13957	0	2.074	1.5376	0	1.5013	4.0732	0	0	0	4.212	3.308	1.126	0	2.3063	2.7917	0	2.9739	3.6428	0.097478	0	1.2328	0	0.83049	0	5.076	4.4878	0	0
GSM432861.CEL	2.3984	0.75912	0.63527	0	0	0.92083	0	0	2.1828	0	0	0	0	0.56638	2.9897	4.522	0.55623	3.5792	0.056639	0	0.91531	4.8363	0	0	0	0.41035	1.8435	0.093022	0.049833	4.5466	2.303	3.4526	0	1.4694	0	0.67367	0.98798	0	3.7184	0.85304	0.13507	2.66	0	0	0.41123	0.13492	0	2.3519	0.041351	4.6109	0.67545	0.40246	0.57043	0.47122	0.1968	0	0	3.909	0.33793	0	0.90472	0	0	3.176	0.59522	2.3581	0	0.56354	1.9562	0	0	0.5156	0.90234	0	0	0.35235	1.0417	3.9322	0	0	0	0.68936	0	1.2063	0.45162	0.10641	1.844	0	3.0713	3.0232	0.069416	0	0.44825	0	0	4.2781	0.15372	4.8776	0.69464	0
GSM1133188_Weiqing_He_D-Glu-1_021810.CEL	0.15396	0	0.5378	0	1.5835	1.554	3.9728	0	2.8507	0	0	0	0	2.0771	2.3445	4.0138	0	0	0	0	1.2761	2.5441	0	0	0.2841	0	0	0.24083	0.262	1.1605	2.908	4.2127	0	3.5411	0	0.27925	0.55318	0	3.7997	0.64121	0	3.403	0	0.8318	0	0.24775	1.0729	5.3945	2.366	5.7411	0.14531	0	0	0	0	0.43758	0	2.8573	0.42774	0	1.9009	0	0	3.372	0.58342	3.3925	0	2.573	2.066	1.0809	1.336	1.2999	0.27172	0	0	0.11851	0	2.7668	0	0	0.13367	0.34418	0	1.6908	0	3.8692	3.5994	0	2.654	3.6298	0.24023	0	0.93684	0.7211	0.14284	1.3556	0.48047	4.4374	2.1906	0
GSM1517347_MK-1.CEL	0	2.1233	0	0	3.4526	1.7464	0	0	1.4248	1.2543	2.113	0	0	0.68866	0	3.1659	2.0891	0	0.11445	0	0.23696	3.1323	0	0	0	0	0	0	0	1.3937	2.606	5.0282	0.37923	1.3954	0.25987	3.0325	0	0	3.8028	0.88755	0.16538	0	0	0	0.72056	0.044308	3.7898	0	0	4.6486	1.2984	0.88887	1.8418	0	0.8042	4.464	0.13244	4.3822	0.34676	0	0.31126	0	2.5958	1.5899	0	0.54045	0.39139	0.29691	4.484	0.14668	0	0	0.94592	0	0.25738	0	1.202	3.6296	0	0	0.30064	1.9873	1.5719	0.58523	0	2.1634	4.271	0	3.386	2.9258	0.56229	0	0.070816	2.5372	0	0.22355	5.4402	5.0384	0.99377	1.354
GSM462063.CEL	0	0	0	0	3.8783	0	0	0.98894	0	0	0	0	0	0	0	3.7487	1.5468	0	0	0.3454	0	1.4237	0	1.2907	0	0.79922	0	0	0	0.042214	2.1	4.5851	0	0	0	2.8803	0.93884	0	0	0	0.90341	1.885	2.2467	5.5511	0.019068	1.9616	4.6775	0	0	4.7103	0.54811	0	0.61196	0	0	3.6209	0.36255	4.0218	2.6363	1.1916	0	1.2619	0.080659	0.39838	0.18015	1.8258	0	1.339	0.17037	0.075731	0.23402	3.1339	0.20407	0	0	0.6719	0	5.4596	0	0.71182	0.11635	2.3867	1.7344	0.18817	0	1.2152	3.5805	0	3.0154	2.0908	3.0873	0	0	1.2858	1.0234	0	4.633	3.662	1.4575	0.13519
GSM591623.CEL	0	0	0.048223	0	3.5025	0	0.061533	0	1.1442	0.61401	0	0	0	0.34006	0	3.687	1.0793	0	0.3021	0.013388	0	1.2392	0	0.60454	0	0.52731	0	0.07802	0	0.14642	0	4.2596	1.9318	0	0	4.4095	1.1548	0	0	0	0	4.7863	0.72804	4.7472	0	0	3.485	0.64672	0	5.0401	0	0	0	0	0	2.9603	1.5261	3.0659	3.2285	1.3483	0	1.4721	0	0.49292	0.104	2.534	1.0353	0.58027	0.73241	0	2.3039	2.2777	0	0.5232	0	0	0.55841	5.933	0	0	0	1.3371	0	0.5691	0	0	3.1796	1.6449	3.0358	2.2493	3.3663	0	0.38951	2.4023	0	0	1.465	3.9363	0.98135	0.37804
GSM199986.CEL	0	0	0	2.2517	3.2298	0	1.2497	0.088038	2.6432	1.0564	0	0	0	0	0	3.6624	0.76846	0	0.88369	1.4044	0	1.549	0.033337	0.41154	0	1.7857	0	0	0.58136	0	2.086	4.5756	3.3155	0	0.62736	5.2856	0	0	2.2748	0	0	1.7514	0	1.4446	0	0	3.8512	0	0	5.4032	0	0	0	0	0.58493	3.179	0	3.9195	2.8987	0.56263	0	0.028768	0	0.84335	0	1.5295	2.337	0.87376	3.419	0	0.00014424	0	0.72514	0	0.22215	0	0	3.4832	0.53623	0	0.48833	0	0	0.20046	0.26085	0	3.1476	3.5372	4.2443	2.1892	1.3337	1.0203	0	2.9658	0	0.20467	0.97103	3.7314	0.82842	2.4784
GSM1958030_Cadaverine_1.CEL	3.1972	0.5889	0	0	1.8058	0.25761	0.4182	0.1648	2.0014	0	0.31376	0.97087	0	0.33416	0	4.7488	0	0.89942	0.49929	0	1.3124	1.8138	0	3.9615	0	0	0	0.043511	0	3.1902	1.3412	3.6035	0	3.0837	3.7811	0.54548	0.43016	1.0485	0	0	1.9474	1.1852	0.63421	0.14996	0.7877	0	2.3539	0	1.7812	5.4119	0.053973	0.89374	1.529	0	0	0.68537	0.18769	4.0386	0.97978	0.26979	0	0	0.70642	0	3.2697	2.2298	1.1974	2.9303	0	2.0979	0	0	0	0	0.7065	0	4.2387	4.9369	0	2.3403	0	0	0.19263	1.5845	0	0.53512	2.6483	0	2.1567	0.84199	0	0	1.7166	0.44977	0	0	0	5.9416	0.42954	1.0682
GSM1419138_PAO.CEL	0	0	0.47804	0	0	1.3674	0	0	1.1941	1.355	0	0	0	0.5565	0	4.8113	0.13044	0	0.35453	0	1.8076	0.69937	0	1.5664	0	0	0	0	1.258	0	2.5607	4.5472	0.84265	0	0.40416	4.2368	0.56665	0	2.4953	1.429	0.81718	2.938	0	0.71383	0.64911	0	3.5954	1.8145	0	5.4369	0.88553	0	0	0.012908	0.61981	0.14352	0	4.0232	5.8349	0.88906	0	0	0.17506	2.9992	0.65714	1.2187	1.4304	3.1173	1.4373	1.7692	0	0.21903	0.28397	0	1.0124	0.034593	0.97694	6.3786	0.077782	0	0	0.59985	0	0.21826	0	0	3.8535	0.1479	3.5343	0.74412	1.6503	0	0	1.2879	0	0	0.90538	4.6361	1.4203	1.218
GSM717419.CEL	0	0.20023	0	0.12053	3.8152	1.3663	4.2469	0	1.3242	0	0.30834	0	0	1.1192	1.1427	2.957	0.043808	0	0	0.3304	0	3.7033	0	0	0	0.44647	1.225	0	0.026699	1.0151	3.3194	4.8346	0.18142	2.3989	0	1.4403	3.1595	0	4.7637	0	0	0	0	0.10911	1.1311	0	3.0005	1.734	1.5789	4.4912	1.4654	0	0	0	0.53762	2.5702	0	3.7991	0	0	2.0458	0	0	1.1977	0.47299	1.9118	0	1.8619	3.3284	0.20623	1.629	0.49288	0	0	2.1319	1.0293	0	1.5876	0	0	0	2.526	1.8899	0.93456	0	1.9856	4.6773	0	3.7517	3.6682	0.081815	0	0.22829	0.98454	1.5241	0.81958	6.0447	4.0046	1.5286	0.43894
GSM1608062_Planktonic_4.CEL	2.739	0	0.057635	0	2.445	0	2.3549	0	2.5212	0	0	0.42885	0	1.2372	2.3307	4.2484	0	1.4191	0.14115	0	0	3.9902	0	0.16211	0	0	0	0	0	3.8192	4.0962	3.7601	0	3.0493	0	0	1.8251	0	1.7529	0	0.50514	0	0.16948	0	0.35494	0.38785	0	2.6296	2.8137	5.3716	0.37523	0	0	0	0	0.89803	0	3.3263	0.24157	0	0.85613	0	0	1.8538	1.4204	4.7497	0.84056	0	1.6785	0	0.37014	0	0.77881	0	0.0094023	0	1.2918	0.93068	0.011033	0.60256	0.51036	1.1694	0	0.4026	0	2.0964	2.2548	0.69839	1.9803	3.6066	0	0	3.1482	1.0299	0	3.9079	0.2056	4.683	3.6038	0
GSM1421009_fhpR_NO2.CEL	0.71172	0	0.51166	0	1.8868	0	0	0.25748	2.4197	0	0	0	0	0	2.1292	4.1046	1.2888	3.8187	0.39793	0	0	4.5939	0.0082829	0.15054	0	0.33779	2.3162	0.095344	0	4.4958	3.1277	3.7303	0	0	0	1.1635	0.70147	0	3.2122	0	1.4586	1.2779	0.052912	0	0.081861	0	0	0	0.22438	4.3928	0	0	0.72701	0	0	0.40064	0	4.5446	0.26189	0	0.22911	0	0	2.5289	1.3941	1.9574	0.18165	0	3.3352	0	0	0.27326	3.3813	0	0	0	0.42069	4.3739	0	0	0.31594	0.16156	0	1.1581	0.34096	0.16053	1.4408	0	3.341	3.7031	0.32462	0	1.4683	1.2615	0	4.85	0.7036	4.5266	0.22475	0
GSM774095_CF66-1992b.CEL	1.8948	0	0	0	1.4291	0	0	3.4816	0.85142	0	0	0.40795	0.039999	0	1.3338	4.2412	0.86346	0	0.10583	0.2382	0	3.4874	0	0.097606	0	0	0	0.1798	0	0.70823	7.3961	4.1495	0	0	0	0.68617	0.65621	2.2685	0.2541	0	3.573	0	0.28273	0	0.50732	0	0.12391	0	0	4.4393	1.2854	0.33763	0.06756	0	0	0	0	4.3656	1.111	3.0179	0	0	0	0.832	1.2912	4.0489	0.069037	0.19602	2.4549	0	0.31527	0	2.6858	0	0.3655	0	1.193	3.0025	0	1.5728	2.0916	0.49361	0.014486	0	1.2911	0	2.5499	0	3.2955	3.0279	0	0	0.14897	0.78761	0	2.8297	0	4.7195	0.78674	0
GSM92178.CEL	0	0.0073915	0	0	2.3726	0	0	0.41977	0	0	0	0	0	2.0911	0.51084	3.4494	3.0246	0	0.44205	0.8359	0	1.3882	0.18011	0.52574	0	0.69278	0	0	0	0.69481	2.4789	5.1569	2.6526	0	0	3.7104	1.1923	0	4.2942	2.7532	0	1.3102	0	0.036289	0	0.85825	3.4454	1.6139	0	4.6513	0	0	0.78945	0	0.85011	5.4687	0	4.0562	0.15601	0.22042	0.67887	1.2488	0.40507	0.25212	0.29346	1.7504	0	0.10427	3.8981	0	0.84551	0.12849	3.0761	0	0	0	0	3.4326	0	0	0.27433	0.68314	0.22652	0.86734	0	0.45212	4.1172	0.85424	3.2265	3.3061	3.372	0	0	3.7457	0.73619	1.0471	3.7985	3.6845	0.37014	0.4817
GSM155240.CEL	0	1.7022	0.22588	0	2.1206	0	1.8382	0.19382	1.3267	0	0	0	0	0.95854	3.6438	3.4893	2.4098	1.2797	0	0.34087	0	5.3661	0.5893	0.17358	0	1.2057	0.95228	0	0	4.8495	4.2318	4.0586	0	0.41394	0	0.438	0.42891	0	6.0354	2.7421	0	0	0.11396	0	1.2222	2.8839	0	0.57535	0	4.2247	2.5978	0.62831	0	0	0.042237	2.2984	0	4.8043	0	0	0.29843	0	0	0.75482	0.057894	1.9899	0	1.0076	2.275	0.15035	0	0	1.1916	0	0.13663	0	0	1.1274	0	0	0	0.34837	0	0.48475	0	2.7325	2.1603	0	4.331	4.0027	0.023098	0.96218	0	0.35873	0	3.7226	3.3002	3.8196	0.59489	0
GSM1267086_HZI1981_G1a.CEL	0	0	0.31715	0	5.103	2.0256	3.8397	0.9122	1.5194	0	0.15363	0	0	1.1111	0	4.4481	0	0	1.0447	0.25837	0	1.5666	0	0	0	0	0	0	0	0.99281	1.0107	5.717	0	1.435	0.055018	1.5418	0.70612	0	0.63722	0	0	0	0.32375	0	0	0	3.7371	0	2.3223	4.8913	0	0	2.5307	0	0	5.2214	0	4.1276	0.19624	0	4.071	0.53178	0.15044	0	0.19312	2.693	1.9792	2.0539	3.4574	0	1.221	0.76303	0.025319	0	0	0	0	2.653	0.13712	0	0.5649	0	0	0.59639	0.077424	1.7018	5.0715	0	3.6683	2.8414	1.1841	0	2.4187	3.6412	0.71876	1.2903	1.4915	4.354	0.18651	2.555
GSM596819.CEL	0	0	0	0	4.5258	0	0	2.7935	0	0	0	0	0.035809	4.8591	1.0465	4.9538	0.46802	0	0	1.3678	0	2.6632	0	0.53992	0	0	0	0	0	0.43363	3.6611	4.612	0	0	0	0	5.2243	0.30461	0	0	0.67878	0.36647	1.0065	3.4185	0.13332	2.7344	0.74796	1.7773	2.7319	5.3843	0.15141	0.27116	2.1418	0	0	0.70671	1.1776	3.6873	0.044553	0.36216	0.6327	0	0	0.26456	0.21599	6.1781	0	0	0	0	4.2167	2.0865	0.9368	0.14889	0.62624	2.6823	0.18405	1.1631	0	0.012393	0.5599	0.618	0	0	0	0.1703	4.3785	0.50999	2.4765	2.7895	0.25474	0	2.11	0.73224	1.2467	0.31528	0.096044	4.6907	2.7033	0.26031
GSM663168_BM-Mix-Pa_1_6-6-08_s1.CEL	1.6899	0.29978	0	0	1.8192	0	1.3746	0	2.0014	0	0.16394	0	0	3.346	0	3.315	0	0	0.068174	0.15706	0	1.185	0	0.59288	0.17338	0	0	0	0	0	0.8608	4.9724	1.7756	4.3782	0	0	2.3522	0	2.9051	0	0	0	0	2.0294	0	0	4.6842	5.7658	3.2192	8.6382	0	0	0	0.66284	0	0	0	1.9711	4.5212	4.8665	0	0	0.63176	1.7271	0	1.8917	0	0.50818	0.82822	0	3.3204	0	0	0	0	0	0	1.9913	0.12966	0	0	1.1115	0	0.82708	0	1.7714	4.911	4.8925	3.0439	2.3911	0	0	0	2.1735	0	0	0.90153	4.3244	0.065247	2.2149
GSM546271.CEL	1.2473	1.8443	0	0	4.5629	4.1441	0	4.1711	3.712	0	0.49918	0	0	0.63815	0.17076	3.6803	0.58175	0.48905	0.37044	0.42607	0	5.8811	0	0	0	1.6247	0	0	0	3.2089	1.329	4.2933	0	0.63788	0.37905	3.1099	0	0	0.20664	0	0	0.86512	0	0.23425	0	0.32222	0.57639	0	0	4.3648	0.47985	0.707	0.83145	0	1.8965	1.5051	0	4.0526	0	0	0.079081	0	1.9386	0.89181	0	3.8476	0.26687	0	2.9654	0	0	0.64895	0	0.99832	0	0	0.12939	2.6318	0	0	0.13966	0.9863	0	1.5879	1.3588	0.48053	2.289	0	4.0148	3.7297	0	1.9537	2.7717	1.7428	0	3.41	1.4265	5.0987	0.3447	0.46437
GSM208619.CEL	2.2949	0	0	0	1.9351	1.6709	0	0	1.3266	0	0	0	0	3.2886	0	5.684	0	0	0.5962	0	1.0552	2.155	0	0.67781	0	0	0	0	0	0.62876	3.2974	4.4497	2.1059	0.36471	0.58686	0	2.6158	0	1.7917	0	0	3.562	0	0	0	0.0076691	1.6251	1.4022	1.2801	5.0169	0.69277	1.3251	0.064471	0	0	0	0	4.2776	3.4339	0	0	0	0	5.241	0	4.1427	1.0141	0	1.4184	0	0	0	0.81749	0	0	0	1.4973	3.982	0	0	0	0	0	1.4706	3.8329	1.0084	4.3973	0.46466	2.7197	1.8779	0	0	4.1407	1.1184	0	0.2468	0	5.4415	3.9436	2.7889
GSM429475.CEL	4.7387	0	0	0	2.1257	0.3155	0.021645	0.3496	1.0178	0	0.41629	0	0	0.71339	0	5.9659	0	1.3168	0.85913	0	0.1613	2.9038	0	1.2402	0	0	0	0	0	2.8965	1.6266	4.3288	0	1.4775	1.3827	0	1.5099	0.85856	0	0	1.5171	0	0.69895	0	0.46231	0	1.4426	0	2.1733	5.2091	0.73381	0.58396	2.4248	0	0	1.1796	0.28794	4.1868	2.9851	0	0.90335	0	1.2421	0.064559	0.54514	3.7763	4.3036	0.075432	0	0	0	0	0	0	0.658	0	2.4701	4.216	0	2.0307	0	0.094869	0	0.47887	0.32089	0	3.5347	0	3.1745	0.61846	0.17352	0	2.9369	1.2825	0	1.0068	0	5.7691	0.062103	2.9783
GSM637590.CEL	0.096909	0	1.4093	0	0.93446	0	0	0.15695	0	0	0	0	0	0.38331	0.49482	5.7278	0	0.43111	0.12113	0	0	1.4271	0	0.18459	0	0	2.2305	0.39143	0	3.9427	4.6245	4.0806	1.8996	0	3.285	0	1.7804	0.5064	0	1.7691	1.9417	0	0.94797	0	1.018	2.8211	0	0	0	2.3207	0	0	2.2651	0	0	0	0	4.1777	1.3578	4.1169	1.7994	1.3038	0	1.6912	5.9183	4.932	0	0	0	0.92838	0.80527	0	0	0.74824	2.6429	0	3.9409	5.3871	0	0.50018	0.20839	0.56623	0	0.89208	0.41884	0.31945	3.1858	0	3.222	0.704	0.070201	0	0.06092	0.041362	0.64396	0.041813	0.7152	4.823	0.25596	0
GSM424832.CEL	0	0	0	4.7465	1.5687	1.518	0	0	0.69538	0.31572	0	0	0.098595	0	0	5.4458	0	0	0.21431	0	0	1.9569	0.64256	0.75779	0	0.04177	2.4523	0.12508	0.59923	0	4.5777	4.5158	1.9172	0	2.9972	1.1445	0.49068	0	2.1901	0.36131	0.19623	0.36488	0.066688	1.7635	0.75529	0	2.7421	0.27604	0	4.9726	0	0	2.4536	0	0	0	0	4.7861	3.2932	0	0.89313	0.91792	0	1.6848	0	2.3357	1.0847	0	0.70751	0.012446	0.6171	0	0	0	2.6893	3.4616	0.13409	3.9061	0	0	0.51977	0.92836	0.053794	0	0	0	4.7661	0.20403	4.6121	0.87948	2.039	1.5095	0	0.065811	0	0	0.35463	4.8152	0.26155	3.3475
GSM1662229_WFPA513_1.CEL	0.090039	0	0	0.55287	2.7423	0.59504	1.4265	0	2.3862	0	0	0	0	0	0	3.6233	0.87897	0	0	0.23153	0	4.129	0	0	0	1.7977	0.65162	0	0.87029	0	1.8595	4.6738	0	0	0	5.2311	0.5615	0	2.0773	0	0	0	0	0.60033	0.76879	0	3.5775	0	0.51974	5.9213	3.4469	0	0	0	0	4.1466	0	3.8643	2.2203	0.9447	0.083146	0	0	0.07297	0.073706	2.2765	3.0013	2.8324	1.6601	0	0.034185	0	0	0	0.82811	0	0	3.8527	0	0.25123	0	4.0772	2.1887	0	0	0	3.4509	2.2831	4.0635	1.8378	0	0	0	0.66014	0	0.30101	5.5249	5.0524	0.2491	1.9721
GSM1608071_Biofilm+12hrtobra_rep2.CEL	0.07612	0	0	2.5669	0.60472	1.229	0	2.5631	0	0	0	0	0	0.847	1.0797	6.4593	0	0	0.46924	0	0	1.8676	0	0	0	0	0.3498	0.32865	0	0.2014	5.5302	5.3963	0	0	1.2165	0	0.88732	1.8454	2.1534	0	1.7923	0	1.3727	0	0.43585	2.2685	0.49294	0	1.0708	5.2604	2.3598	0.7266	5.404	0	0	0	0	5.7761	3.6391	0	0.41303	0	0	0.18899	1.8717	2.9035	0	0.77918	0.029273	3.335	0	1.6292	0.78645	0	2.6146	5.3664	0.080618	3.1015	0	0.13324	0.11855	0	0	0	0	0	4.9716	0	3.5465	0.60498	0.52312	0	0.90278	0.74106	1.8069	0	0	5.5275	0	1.8984
GSM424833.CEL	0	0.23464	0	4.8377	1.4625	1.6204	0	0	0.68501	0.38495	0	0	0.065429	0	0	5.4536	0	0	0.11245	0	0	2.2311	0.54161	0.75222	0	0.071548	2.8086	0.04325	0.69415	0	4.7359	4.4909	1.9501	0	3.3004	1.1552	0.38927	0	2.3321	0	0.053665	0.29424	0	1.8781	0.94637	0	2.5753	0.25373	0	5.2301	0	0	2.5338	0	0	0	0	4.9358	3.1458	0	1.3005	0.7417	0	1.7554	0	2.1108	0.60295	0	0.59353	0	0.37824	0	0	0	2.7348	3.8654	0.31361	4.0074	0	0	0.54348	0.91147	0.15123	0.15649	0	0	4.6733	0.17238	4.7929	0.79405	1.9461	1.406	0	0	0	0	0.3548	4.9909	0.097611	3.1763
GSM567674.CEL	0	0	1.806	0	1.3394	0	0.85512	0.14933	0	0	0	0	0	0	0.29723	6.1571	0	0	0.39157	0	0	0	0	0.89604	0	0	0	0.4052	0	3.6871	3.1068	4.4396	2.4488	0	3.922	0	4.1538	0.17849	0	3.3269	0	0	1.4148	0	0.066607	2.9947	0.71452	0	0.78735	2.6057	0.19785	0	3.3485	0	0	0.18955	0	3.9351	0.21424	1.042	4.8015	3.2705	0	0	6.6301	5.9626	0	0	0	0	1.583	0.12186	0	0	3.7121	0.071	1.391	3.4742	0	0	0.083682	0	0	0	0.20832	0	4.7089	0	1.9212	0.36476	0.66136	0	0.051242	0	1.8478	0	0.31048	4.7692	0.71655	1.5306
GSM1177845_PAO1-AMV-1.CEL	0	0	0.36294	0.05152	5.2141	0	3.6419	0	0	0	0.69119	0	0	0	1.6734	4.0165	0	0	0	0	0.16294	1.9962	0.97324	0.83437	0	0	0	0	0	4.4841	3.0455	4.7956	0	0	0	2.2768	5.1217	0.64988	2.3317	1.6291	0	3.0636	0.73562	0	3.3352	0	3.4715	0	0	2.151	0.15926	0	1.476	0	0	6.9842	0	4.8776	0	0	1.1527	1.465	0.030128	0	0	1.2874	0	0	2.0362	0	1.7721	0	0.54659	0	0	0	0	4.0624	0.0042982	0	0	3.0288	0.23048	0	0.96751	0	4.5364	0	3.6721	4.2451	1.6003	0	0.095361	0	1.8342	0	4.9992	3.9151	0	0
GSM1420992_PAO1_NO1.CEL	1.1227	0	0.46879	0	1.7722	0	0	0.23061	2.285	0	0	0	0	0	2.046	4.4459	1.2481	3.8753	0.37275	0	0	4.8983	0	0.22964	0	0.23163	2.0898	0.21893	0	4.3977	3.6771	3.9016	0	0	0	0.89132	0.79465	0	3.348	0	1.4355	1.1173	0	0	0.22209	0	0	0	0.22605	4.9347	0.34951	0	0.31197	0	0	0	0	4.8549	0.7425	0	0.046618	0	0	2.5566	1.2049	1.9568	0.18508	0.13623	2.9167	0	0	0.36028	3.1703	0	0	0	0.43526	4.4886	0	0	0.35801	0	0	1.2065	0.26556	0	1.4489	0	3.7517	3.5264	0.089006	0	1.2031	1.0824	0	4.808	0.38047	4.7752	0.17828	0
GSM774100_CF105-1973a.CEL	3.1272	0	1.0087	0	0.67714	0	0	4.7193	0.024817	0	0	0.84828	0	0.3054	1.8007	4.9007	0.32473	0.93866	0.0046718	0	0	4.5472	0	0.78699	0	0	0	0.35583	0	4.6863	5.2408	3.958	0	1.5841	0	0	0.11585	1.4397	0	1.7873	2.8878	0.74947	0	0	0.24196	0	0	1.2992	0	4.2	0	0	0	0	0	0.55912	1.0374	3.6818	0	0.9992	0	0	0	0	1.1448	5.468	0.10272	0	0.40758	0	0.20675	0.3414	0	0.74372	0	0	0.57937	2.2932	0	0	1.0007	0.14514	0	0.56231	0	0.37353	2.3805	0	4.0404	3.2162	0	0	0.5784	0.76635	0	4.8561	0	4.3654	0.75417	0
GSM1191070_WT-pyr-1.CEL	0	2.2881	0	0	5.4062	0	1.8405	0.66246	2.0202	0	0	0	0	1.1235	0	3.8928	0.076024	0	0	0.2026	0.24037	2.4577	0	0.094604	0	0	0	0.1956	1.2837	1.1883	1.4099	4.8572	1.4985	0.85942	2.3852	1.7943	2.9814	0	0.11523	0.56724	0	1.5857	0.010847	0.59075	4.3835	0.71476	2.3421	2.0752	1.3812	5.4583	0.92323	0	1.6952	0	0	0.023171	0	2.793	0	0	0	0	1.4877	0	0	4.3109	0	0	0.65462	0	6.8602	1.2662	0	0	0	0	0	1.2452	0	0	0.33511	0.35002	0.54718	0	1.2087	0	4.0015	1.7045	3.2311	2.6692	0	0	0	0.94838	0.12371	0	0	6.0974	1.6557	1.6209
GSM821093_HZI0149_Pae_G1a.CEL	2.4611	0	0	2.5154	1.8889	2.7525	0	0.26999	0.62456	0	0.34245	0	0	0	0	6.0444	0	0	0.45565	0	0.2343	3.526	0.33583	0.95183	0	0	0	0	0	1.9885	5.0799	4.3023	0	0	3.7255	0	0.48236	0	3.5084	0.89189	0.56295	0	0.025931	0	2.8465	0.080519	1.2729	0	0.052918	4.5435	1.7329	0	3.8011	0	0	0.73216	0	5.3355	3.7076	0	1.1855	0	0	0.028589	0	3.1982	0.8496	0	0.5305	0.074363	0	0	0.31095	0	4.1042	0.39824	0.18253	1.9645	0	1.49	0	0	0	0.30881	2.0259	0	4.2096	0	4.782	0.62467	0	2.3285	1.7219	0	0	0	0	5.0571	0.46599	3.4224
GSM187282.CEL	0	0	0	0	3.4109	0	0	0	0	0	0.80128	0.37268	0	0	0	5.3552	0	0	0.007447	0	0	1.9807	0	0.88191	0	0	0.25584	0	0	1.8829	6.4554	4.7187	0.064618	0	0.78756	0	1.4081	2.1567	0	0	0.82388	0.60449	0	0.589	0	2.6452	1.9702	0	0	3.5559	0	0	0	0	0	0	0.068286	5.419	0	2.2357	0	0	3.1028	0.11512	0.60282	3.1291	1.3112	0	0	4.0077	3.9382	0	0	0	2.4201	0	1.6252	4.3917	0	2.5168	0.45873	4.0603	0.25005	0.60716	0	1.6633	4.5558	0	2.9989	1.4413	1.269	0.33791	0.68243	0	0	0	1.2715	4.9872	4.3484	2.3298
GSM432870.CEL	0	0.76406	0	0.63301	4.4038	0	2.2338	0.43998	0.78229	0	1.6252	0	0	0	0	4.0832	0.80491	0	0.46138	0.048171	0	1.9422	0	0	0	0	0	0	0	1.6107	1.2895	5.3788	2.2603	0.62606	0	3.8789	1.0924	0	2.1635	0.2249	0	2.4312	0	0	0	0	4.5807	0.079896	0	5.0265	0	0	0.0079105	0	0.66023	4.6824	0	4.1959	0.65101	0.23633	0.2839	1.1532	1.2569	0.17895	0	1.2278	0.50362	0.14673	3.7925	0	0.99318	0.58367	1.6203	0	0	0	0	5.288	0	0	0	0	0	1.358	0.73623	0.09107	4.1861	0.89241	3.8186	3.5248	3.1722	0	0.90275	3.1199	0	0.5829	2.1958	4.3351	0.20313	1.3156
ETJan12B_1381_2012PAO6_2dR-aero.CEL	0	7.0493	0	0	1.9357	0	0	0.90065	1.7259	0	0	0	0	0	0.40595	4.1112	0.12773	0.63604	0	0	0.54966	3.7954	0	0	0	0	0.19649	0.13741	0	4.9108	3.2498	3.9391	5.655	3.2089	2.2545	2.0968	1.605	0	1.7432	0	0	0	0	0	4.5245	0.23808	0.83526	0	0	5.5021	3.3114	4.2212	0.93992	0	0	0.16541	0	4.538	0	0	0	0	0	0.29852	0.75862	1.5798	0	0	1.3114	0	0	0	0	0	0	0	1.7505	2.8601	0	0	0.095094	0.56481	0.18163	2.0788	0	0	2.868	0	3.6361	2.0778	0	0	0	1.0991	0	0.34988	0.36024	7.3564	0.53526	0.1686
GSM1191067_sphR-pyr-2.CEL	0	1.7332	0	0	6.3229	0	2.2629	0.61617	2.0632	0	0	0	0	0.87136	0	3.8467	0	0	0	0.29804	0.16188	1.9913	0	0.3764	0	0	0	0.1104	1.2546	1.2057	1.2087	4.8849	1.3249	0.51104	2.9023	1.7527	2.8876	0	0	0	0	1.5961	0.27377	0.86759	3.7978	0.73286	2.8308	1.053	1.7909	5.18	0.51002	0	2.2754	0	0	0.33975	0	2.9744	0	0	0.10301	0.15765	1.4784	0	0	4.1266	0	0	0.80635	0	6.8206	1.6201	0	0	0	0	0	1.1048	0	0	0.32134	0.031408	0.30318	0	1.6572	0	4.085	1.5967	2.8842	2.7547	0	0	0.34013	0.7748	0.45569	0	0	5.9312	1.7801	1.9871
GSM1662227_WFPA205_2.CEL	0.060414	0	0.37534	0.23617	2.6951	0	1.3987	0	2.1671	0	0	0	0	0	0	4.371	0.76582	0.21562	0.212	0.18924	0	4.4299	0	0.070607	0	1.6999	0.7189	0	0.91009	0	2.6887	4.8486	0	0	0	4.6513	0.75776	0	1.7884	0	0.36629	0	0	0.77039	0.54565	0	2.7778	0	0.49281	6.1608	3.2692	0	0	0	0	3.4895	0	4.4094	1.8969	0.89771	0.47233	0	0	0.64323	0.30597	3.1496	2.8189	2.1666	1.2341	0	0	0	0	0	0.73627	0	0.079359	4.2957	0	0	0	3.8083	1.268	0	0	0	3.4092	1.7342	4.6371	2.0528	0	0	0	0.37035	0	0.84333	4.4924	5.2813	0.5298	1.4676
FT2_aerobic_wdh_Pae_G1a.CEL	0	2.3123	0	0.19864	2.216	0.19245	0	0	0	0	0	0	0	0	0	5.2241	0.62718	0	0.32394	0	1.2088	1.2043	0	1.8772	0	0	0.40012	0.28826	0.27226	2.7972	1.2483	4.3081	2.1387	0	2.8271	3.045	1.9778	0.14092	0	2.3684	0	3.9325	0.048123	0	2.6015	0	2.6465	0	0	3.1175	0	0	3.2728	0	0	0.55542	0	3.2799	0	0	0.028323	0.53764	3.1653	0	0	3.2305	1.199	0	0.6556	0	4.9323	0	0	0	0	0	0.81411	5.5082	0	0	0.3707	0.30013	1.1659	0.41225	2.6949	0	4.2612	0	3.9732	0.79531	5.0178	0	0	0	0.041644	0	0	5.6494	0.45821	3.5514
GSM1206654_dgcA-CHO-2.CEL	0	4.648	0	0	4.8746	0	1.2279	0.020586	2.114	0	0	0	0	0	0	4.1699	0	0	0.047406	0	0.039365	1.1145	0	1.2639	0	0	0	0	0.74981	1.2388	1.1435	4.4882	2.1724	1.9207	5.2367	1.0083	0.58129	0	0	0	0	0	0.99011	0.071214	2.0822	0	5.4938	0	0	5.0944	0	1.5421	2.4633	0	0	0.18385	0	3.5704	0	0.89876	0.5014	1.0513	2.8971	0	0	1.7503	0	0	0	0	4.4901	0.39234	0	0	0	0	0.12473	2.7615	0	0	0.42411	0	0.33488	0.90541	0.6117	0	4.3667	1.1672	2.7402	0.87063	1.074	0	0	0	0.35931	0	0	6.3361	0	3.6948
GSM187267.CEL	0	0	0	0	4.9199	0	0	0	0	0	2.45	0	0	0	0	4.5568	0	0	0	0	0	2.1465	0	0.0056316	0	0	0	0	0	3.9171	6.8096	5.4975	0	0.01507	0	0	2.4527	0	3.3091	0	0.73808	0	0.32727	0	0	1.7426	3.7894	0.13999	0.56101	3.6102	0	0	0	0	0	0	0.60975	5.8537	0.001369	1.666	0	0.23017	1.9268	3.8694	0	0.68228	0	0	1.7927	5.8087	0.43841	0.29058	1.9395	0	1.5953	0	0	4.9953	0	2.0934	0.35818	0.69723	0	2.0931	0	6.1929	4.4994	0	3.3119	2.7884	2.9136	0	0	0	0.6969	0	2.9557	4.428	2.5806	0
GSM1517348_MK-2.CEL	0	1.5476	0	0	3.6025	1.2321	0	0	0.18831	0.91714	1.9824	0	0	0.91529	0	3.4988	1.8158	0	0.064013	0	0	2.605	0.11119	0	0	0	0	0	0	0.73222	3.192	5.9669	0.35362	1.0544	0	2.4676	0	0	3.761	0.9371	0	0	0	0	0.050847	0.31183	4.2281	0.75887	0	5.3398	0.99803	0.84795	1.1572	0	1.2594	4.8156	0	4.6721	0.090493	0	0	0	2.8088	1.7429	0	0.6281	0	0.0047724	4.4085	0.41941	0	0.6193	0.63814	0	0	0.1359	0.1228	3.2238	0	0	0.44466	2.2331	2.0375	0.17663	0	2.9169	5.2929	0	4.0787	3.0822	1.0342	0	0	3.1749	0.44391	0	6.2607	5.1729	1.7128	1.2354
GSM261921.CEL	4.7469	0	0	2.4821	1.1668	0.49164	0	0	0.31743	0	0.52278	0	0.37471	0	0	5.6444	0	0	0.25337	0	0	3.2595	0	0.40624	0	0	0	0	0	0.28568	3.888	4.6204	0	0	1.2753	0	0	0	0	0	0	0.3097	0	0.39692	0	0	2.0533	0.42513	0.3958	4.5301	0.5495	0	1.2419	0	0	0	1.718	4.2281	5.5052	3.0376	0	0	0	0.71528	0	4.719	1.5734	0.011056	0	0.81099	1.7323	0.31987	0	0.58233	1.5266	0	0.79893	4.1736	0	0.64782	0	0	0	0.63817	1.9387	0	3.9784	0	4.8702	1.123	1.9166	2.4953	0.34607	0	0	0.12506	0	4.4568	0	2.6433
GSM2070483_OCio-03-MutS-3-start-Pae_G1a-c1.CEL	0	0	0	0	0.36217	0.36394	1.7138	1.8719	1.1696	0	0.29633	0	0	0.48864	0.20835	5.4947	0	0	0.30161	0	2.0314	1.9881	0	0.11406	1.6734	0	0	0.20022	0	1.202	2.6586	5.3842	0.68435	0.087297	0	3.6662	0.93226	1.1648	3.404	3.2792	0.12155	5.3123	0	0	0	0.10824	1.5247	4.4255	0	5.6049	0	1.0433	0	0	2.3274	1.5181	0.029075	4.4114	1.5641	0	0.041039	0	0	0.080156	0.061433	2.751	0.0035348	2.805	1.6852	0.92819	0.57762	0.42157	0.13226	0	0	0.20502	0.15008	4.9029	0	0	0.37087	0	0	1.2135	0	0	4.0654	0	4.5215	2.3746	1.6514	0	0.17204	2.1936	0	0.71674	0.57325	4.963	2.6079	0
GSM573323.CEL	0	0	0	0	1.9223	0	2.3326	0.17811	0	0	0	0	0	0.79676	1.2731	4.0093	0	0	0.019053	0.17672	0	0.76686	0	2.1385	0.18301	0	0.00043773	0.0078266	0	0	3.2145	5.8095	1.0484	0	0	0	5.6936	0	3.4088	0	0	1.4757	0	0	0.55168	0	3.2173	4.0246	1.73	4.7495	0	0	0.43632	0	0	0.53248	0	4.0837	3.3515	0.97604	1.2465	1.1386	0	3.9271	0.6649	1.9443	0	0	3.9728	0.99911	4.0446	2.6391	4.1578	0	0	2.1267	0	3.4381	0.15026	0	0.045779	0.5324	0	0.16207	0	0.25941	5.378	0	2.4268	3.56	2.082	0	0.18375	3.8282	1.8122	0.60406	2.4148	3.7915	1.3837	0.066945
0.1_2hr_CSV86(Pae_G1a).CEL	0	2.2188	0	0	0	0	0	0.4075	0	0	0	0	0	0.18072	0	6.5016	0	0	0.69901	0	0.55479	0.68331	0	6.2029	0.024622	0	0	0.79308	0	2.2244	3.3334	3.732	4.9495	0	3.3333	0	0.32624	1.6882	0.66884	0	0	0	0.19663	2.346	0	0	3.0456	0	0	6.4323	0	1.6218	0	0	0	0.49213	0	4.8314	0	0	0.47276	0.01058	0	0	0	2.3658	4.7756	0	0	0	0	0	0	0	1.4654	1.0883	2.3037	2.6573	0	0	0	0	0.22372	0	0	3.2896	5.211	0	3.8862	0	0.075258	0	0.14072	0	0	0	0	5.9712	0.62316	6.0532
GSM821091_HZI0146_Pae_G1a.CEL	0	0	0	0	3.9666	0.26959	0.028876	0	0	0	0.75069	0	0	0	0.16663	4.1618	1.161	0	0.14329	0.93942	0	3.0728	0	0	0	0.36745	0	0	0	1.4556	5.9277	5.4816	0	0	0.90539	0	1.0855	0	5.0536	0.44029	0	0	1.5823	0	1.056	3.1236	3.2887	0	0	4.1769	2.9327	0	1.0277	0	0	2.6632	0	6.231	2.9778	0.86972	0.61008	0	1.0285	1.503	0.70292	1.4201	0	1.526	2.7315	1.6178	0	0	1.1672	0	3.4749	0	0	2.3472	0	2.1206	0.63781	0.14405	0.44846	0.25897	0.71943	3.0984	4.3873	0	3.9068	2.7256	0	0.8319	0.69257	1.3247	1.0505	0	5.0752	3.7425	2.4555	0.97799
GSM208621.CEL	0	0	0.0083371	0	1.9259	1.6378	0	0	2.7052	0	0	0	0	2.1868	0.67122	5.1297	0	0	0.12295	0	0.72903	3.7787	0	0	0	0.86679	0	0.3417	0.1734	1.3714	3.8931	4.7939	1.1308	1.2413	0	0.80196	0.44805	0	4.1445	0	0	4.1962	0	0	0	0.98636	0.63358	1.9387	0.24653	5.6023	0.71568	1.4656	0	0	0	0	0	4.7571	0.90847	0	0	0	0	6.8211	0	2.7688	0	0.74382	2.9224	0.27852	0	0	0.68434	0	0	0	0.12454	4.5471	0	0	0.0094693	0.77957	0	1.2735	2.15	3.0959	3.4834	0	4.8348	3.1896	0	0	1.9524	0.48407	0	1.9292	0.4799	5.5161	2.1256	0.13035
GSM1244969_PAO1-22-replicate-03.CEL	0	0	3.1672	0	2.8243	0	0.81417	0	0	0	0	0	0	0	0	5.3763	0	0	0	0	0	0	0.060215	0	0	0.58689	0	0.08261	0.2051	2.7724	2.4082	5.1327	6.4177	0	0	3.3771	0.92983	0	0.12286	3.0026	0	0.98542	1.6208	1.4794	0.24489	0	3.9242	0	0	3.9351	0	0	0	0	0	3.1129	0	3.9741	0	3.3323	1.7715	4.131	0	0.79374	4.4551	3.1411	0	0.01935	0	0	0.61556	0.15319	0	0	0	0	0.5878	7.7281	0	0	0	0.9583	0.5735	0	0	0.19619	4.6253	1.5739	4.1981	1.777	3.2868	0	0	1.1994	0.47516	0	2.5257	4.5444	0	0.61312
GSM738265.CEL	0	0.30707	0	0.7395	3.7414	0	1.3924	0	0	0	0.25127	0	0	0	0.15769	4.4947	0	0	0.29877	0	0	2.5522	0.058631	0.56172	0.259	0	0.48508	0	0	1.5208	3.5995	5.8464	0	0	0	0	5.2428	0	1.9192	0	0	0	0	0	0	0.10445	4.0601	0.35668	0	4.0072	0.11023	0	1.6251	0	0.39167	3.2457	0	5.3282	0	0	2.7361	0.32303	0.8617	0	0	1.9083	0	1.0386	1.8257	0	3.1485	0	0.081863	0	1.8783	1.4214	0	2.9463	0	0	0.11476	3.7005	2.0584	0.25595	0	1.7465	6.2298	0	3.73	2.3864	5.0987	0	0	0.23691	2.2514	0	6.9948	4.4348	0.896	2.18
GSM711451.CEL	0	0	0	0	0	0	0	0.092003	0	0	0	0	0	0.49466	1.2421	6.5733	0.24299	0	0.0012336	0	0.79936	1.6021	0	1.4015	0.32681	0	0	0.099826	0	1.5452	4.3665	5.7488	0	0	0	0.58613	0	0	3.3838	5.1063	0	4.4457	0	0	0	0.55653	1.6203	4.3352	0	4.4327	0	0.234	0.62932	0	0.96391	0.63143	0	4.7073	0	0.17992	2.504	1.0043	0	2.3735	0	3.2042	0	0.53423	0.88291	2.9786	0.21753	1.0029	3.0735	0	0	0.6663	0	5.9722	0	0	0.43696	0.80858	0	1.5811	0	1.6839	4.9565	0	4.7618	2.02	6.7047	0.056491	0	0.13266	1.2446	0	0.97686	4.8808	0	0
GSM774150_B38-1_3.CEL	0.25043	0.58368	0.39426	0	3.5767	0	0	3.6704	1.99	0	0	0.017586	0	0	1.4533	4.4185	1.2828	3.8381	0	0.051928	0	5.8686	0	0.66461	0	1.838	0	0.34291	0.11615	4.7557	3.14	4.1872	0	0	0	2.3538	0.81424	0	1.1835	0	0.037155	1.3533	0.26908	0.77077	0.32957	1.9157	0	0	0	5.6082	2.2308	0	0	0	0	0	0.050381	5.2862	0.38212	0	0	0	0	1.2415	1.0181	2.7114	0	1.7217	1.0642	0	0	2.5608	1.3226	0	0	0	0	3.8773	0	0.57175	0.25442	0.47164	0	0.49769	0.064905	0.36302	1.0428	0	4.372	3.2652	0	0	0.086532	0.3519	0	3.3868	0.27409	5.205	0.32806	0
GSM854800.CEL	0	0	0.11913	0	2.2087	0	0	0.059647	0	0	0	0	0	0	0	8.0115	0	0	0.40634	0.099535	0.17908	1.1292	0	0.47121	0	0.204	0	0.21123	0	4.5505	3.3862	4.8841	0	0	0.39676	1.0277	0.63365	0.79204	0	0.79315	0	1.361	2.4999	0	0	0.083164	1.5803	0	0	2.7176	0	0	1.7954	0	0	2.2101	1.6816	5.1972	0	0	4.4274	0.86923	0	0	0	4.4205	6.2507	0	0	0.061785	0	0	0	0.097646	0.22383	0	0	5.828	0	0	0	0	0	0.16312	0.53233	0	4.5886	0	5.3721	0	6.5244	0	0.7313	0	0.20501	0	0	4.6088	0.061521	3.2337
GSM637584.CEL	0	0	0	0	1.9169	0	0	1.2933	0	0	0	0	0	0	0	6.6694	0	0	0.46535	0	0	1.9099	0	0.24465	0	0	1.7485	0.65112	0	2.6814	3.3182	4.7559	2.798	0	2.6555	0	1.8406	1.7611	0	0	0	0	0.72747	0.18057	0	2.6334	0.42143	0	0	4.7499	0.65418	0	2.083	0	0	0	0	4.8592	0.29037	1.6856	3.2818	1.5626	0	0	3.363	4.6651	3.6194	0	0	0	2.0636	0	0.023721	0	2.1567	0	3.0044	3.8639	0	0	0.12139	1.1365	0	0.022799	0	0.80729	4.3505	0	4.7319	0.21967	0.76525	1.3567	0.22081	0.27893	0.015588	0	0.53499	5.6437	0.47146	3.1514
GSM546277.CEL	1.1115	0	0	0	3.5202	1.3872	0	4.3804	0.048314	0	0	0.10929	0	1.7799	1.5558	4.5525	0	0	0.36307	0.088866	0	4.6099	0.51872	0	0	0	1.0588	0	0	0.7112	2.9361	5.2184	0	0	0	0.93489	1.3808	2.8293	0	0	0	1.0308	0	0	0	3.0475	0	0.10595	0	4.8403	1.3968	1.823	1.3693	0	0.31918	1.2065	0	4.769	0	1.8961	0.042431	0	1.8258	0	0.22059	5.2992	0	0	1.0597	0	5.1211	0	0	0.72703	0	0	1.664	2.0782	0	0.063729	0.34605	5.3779	0	0.54838	0	0	3.7802	0	3.941	3.3509	0	2.6808	3.0154	1.411	0	2.4633	1.7752	5.4743	0.88464	0.36109
GSM92176.CEL	0	0	0.28486	0	4.1428	0	0	0	0	0	0	0	0	2.8309	0	4.2713	3.0439	0	0.38817	1.1808	0	1.5774	0	0.038102	0	0.13993	0	0	0	0.37486	4.0743	6.0148	1.5217	0	0	1.0139	1.1631	0	3.2382	0.6969	0	0	1.2605	0.32521	0	2.1139	4.4609	0	0	4.4511	0	0	1.3889	0	0	6.5853	0	5.188	0.51069	0	0	0.47011	1.7436	1.0249	0.12889	2.3932	0	0	2.6348	0	0	0	1.3323	0	1.6729	0	0	2.8569	0	0.034873	0.6913	0.9981	2.9394	0	0	1.8655	5.4034	0.13012	4.4369	2.3245	1.6475	0	0.63329	2.8343	1.1434	0	5.247	4.0449	2.7253	1.956
GSM774092_CF66-1973b.CEL	1.8106	0	0	0	1.7199	0	0	6.0073	0.5009	0	0	0.025703	0.023884	0	0.59002	5.0351	0.70028	0	0.14991	0.37345	0	4.4652	0	0.30298	0	0	0	0	0	2.0486	8.2606	4.6025	0	0.20996	0	0	0.35027	0.37866	0.072413	0.82104	3.5891	0	0	0.28535	0.35189	0	0.34022	0	0	4.7478	0	0	0	0	0	0	0.14754	4.6609	0.36222	1.0977	0	0	0.0060236	0.73731	0.40784	4.8603	0.38863	0	1.4873	0	0	0.84276	0.64916	0.40464	0	0	0	2.2244	0	0.22609	2.1563	0	0.077399	0.36041	0.56892	0.10447	2.8892	0	5.1043	2.9232	0	0	0	0.48271	0	3.8262	0	4.7871	0.66986	0
GSM261927.CEL	2.9974	0	0	0	1.1107	0	0	0	0	0	0.20899	0.14164	0.02861	0.90765	0	5.1709	0.055056	0	0.13065	0	0	2.4785	0	0.47492	0	0	0	0.16634	0	0	3.7689	5.5159	0	0.95462	0	0	0	0	0	1.2029	0	2.2703	0	1.6377	0	0	3.1799	3.7499	0	4.9488	0	0	0	0	0	0.7148	2.489	3.1189	4.9421	5.9436	0	0	0	0.72713	0	5.4044	0	0	0	0.17847	4.1924	0.27552	0	0.98628	0	0	0.68838	5.1076	0.05748	0	0.63686	1.7984	0	0.55905	0.28516	0.87199	5.0553	0	5.1351	2.1573	2.871	0.66324	0	0.59271	0	0	1.3262	4.6341	0.13217	0.57865
GSM1937530_50-38_B.021511_Pae_G1a_.CEL	2.3037	0	0.084085	0	0	0	0	0	1.6025	0	0	0	0	1.817	0.67614	5.2598	1.9783	1.2564	0.12414	0	0	4.0246	0	0	0.071955	0	0.42183	0.1962	0.41843	0	4.4156	4.93	1.0351	1.4574	0	0.73363	0.65468	0	4.2231	0	0	0.62677	0	0	0	0.66702	0.35497	3.992	0	7.1114	1.9827	0.51433	0	0	0	0	0	4.4954	3.9347	1.5545	0	0	0	3.754	0	2.9556	0.91223	0.75815	1.3728	0	0.10227	0	0	0	0	0.41346	1.2477	4.2128	0	0	0.28565	1.3877	0	0.83399	0	0.28876	3.2564	0.99291	4.5351	2.1426	0.19135	0	0	0.54642	0	2.541	0	5.5178	0.81902	0.56544
GSM267258.CEL	0.2947	0	0	0.64956	2.6824	0.26445	0.16628	0.4142	1.1741	0.84509	1.73	0	0.086743	0	0	5.2665	0.49667	0	1.0196	0	0.062391	1.6823	0	0.39386	0	0	0	0	0	0	1.5332	5.7453	1.2518	0.060604	0.58201	4.2791	0.81432	0	1.358	0	0	1.5551	0.11083	0.57371	0	0	4.4778	0	0	6.7205	0	0	0.49182	0	0.12912	2.4367	0	4.9487	3.9372	0	0	0	1.507	0.26554	0	1.2566	1.2151	2.2439	2.24	0	0	0	0.27051	0	0	0	0.0092399	5.5684	0	0	0.53102	0	0	1.2296	0.31191	0	4.3335	0.60304	5.0089	1.2245	1.9959	0	0.6352	2.7328	0	0	1.0084	5.6718	0.47677	3.2779
