	0	1	2	3	4	5	6	7	8	9	10	11	12	13	14	15	16	17	18	19	20	21	22	23	24	25	26	27	28	29	30	31	32	33	34	35	36	37	38	39	40	41	42	43	44	45	46	47	48	49	50	51	52	53	54	55	56	57	58	59	60	61	62	63	64	65	66	67	68	69	70	71	72	73	74	75	76	77	78	79	80	81	82	83	84	85	86	87	88	89	90	91	92	93	94	95	96	97	98	99
GSM199985.CEL	0	0	1.3104	5.2327	0	0	4.2046	0	0	5.5506	1.8472	0	0	0	0	0	0	0	8.169	0.57972	0	0	3.9625	0	0	5.0768	0	2.9841	6.1472	0	0	0	2.4655	0	0	1.7084	0	0	0	0.67809	0	0	0	0	0.58826	0	0	0	0	0	0	0	0	0.10465	3.8954	3.736	0.97601	0	0.44171	2.2917	0.7587	0.1266	0	0.00041485	0	0	2.2094	1.5768	0	0	0	0	1.2686	0.22443	0	0	0	0	4.2377	0	5.6493	0	1.9845	0.27661	3.3232	0	0	8.0319	0	0	0	1.4815	0	6.3196	0	0	0	0	0	0.67631
GSM2055818_7629_B-_20130705.CEL	0	0	2.1897	0	0	0	2.5623	0	0	3.0443	3.0612	3.6577	5.0324	0	0.27957	0	0	4.9189	4.3236	0.376	0	0	6.4126	0	3.3549	5.6617	1.9643	4.0724	7.7268	0	0.38458	0.17191	0.15333	0.32232	0	0.17565	0	0.22105	1.3943	0	3.0582	1.246	0	0	3.8466	0	0	1.5819	0	0	0.27762	1.4679	0	0	6.0158	0	2.5225	0	0.24184	0	0.57495	0	0.73006	5.7282	0	0	0	0	0.31371	0	0	0.69498	3.0818	0	0	0	0	0	6.0336	0	4.9361	0.011649	0	1.493	1.8321	0	0.05657	2.677	0	0	0	0	0.007953	0	0	2.0684	0	0	0.81622	0
GSM900179_F2_Pae_G1a_.CEL	0	0	1.8858	0.40046	0	0	0	0.027254	0	0.26936	5.4045	0	0	0	0	0.24466	1.6276	1.4818	4.7478	0	0	0	0.73242	5.8099	0	0	0	5.9266	1.2249	0	0.0057454	0.18486	0	0	0	0	7.4121	0	0	1.5235	6.7941	0	2.4086	0	4.3553	0	0	0	5.1055	0.44687	4.5602	2.7859	0.69813	0	0	0	1.4363	0	5.8461	2.9563	0.080555	0.49504	5.4939	0	3.434	0	0	1.0739	0	5.3992	0	0	4.9696	0	0.43907	0.54003	0.015008	0.71767	0	2.4906	5.8709	2.1864	1.212	0.6855	1.8771	0	0	2.4057	0	0	1.2937	0	0.4053	3.1696	0.53314	0	0	0	0	0
GSM954579_Nomura_PA01-4_Pae_G1a_.CEL	0	0	7.8027	3.6664	0	0	7.5137	1.1638	0	0	8.2538	0	0	0	0	0.20578	0	0	5.1931	0	0	0	1.3616	0	0	0	0	4.447	1.499	0	0	0	0.44601	0	0	0.58242	4.5649	3.2768	0	0	0	3.4889	5.2247	0	3.4676	0.038567	0	0	0	0	0	4.528	0	0	2.3046	6.0329	1.0534	0	0.78043	1.141	1.2686	1.229	2.9091	0	0	0	0	3.7129	0	0	0	0.037949	2.5421	0	0	0.91017	0	1.035	0.41118	0	3.9718	2.4017	4.9293	0	0	1.1313	0	6.2029	0	0	0	0	0	5.369	0	0	0	0	0	0
GSM1133189_Weiqing_He_L-Glu-2_022410.CEL	0	0.51352	5.1298	0	0	0	4.8364	0.71834	0	1.2819	0	0.018473	3.8655	2.4844	1.1154	0	0	0.013903	4.6163	0	0	0	7.0421	0	5.39	0.46063	0	5.8059	3.43	0	0.65486	0	0.077426	5.0489	0	0	0	0	0.81546	0	2.7447	0.55386	0	0	1.6978	4.3821	0.086781	1.7929	3.9092	0	0.071678	2.6521	0	0	0.82462	0	1.1297	0	0	0.24757	0.31865	0	0.15394	4.9939	0	0.29253	0	3.9062	0	1.6462	0	1.5231	0.12747	0	1.592	0	0	0	5.5715	0	4.0514	0	0.79486	5.1942	0	5.6112	0	0	0.071308	0	0.10236	0.048654	4.7053	0	0	1.8784	0	0	5.2089	0.033522
GSM821495.CEL	0	0	6.6846	3.425	0	0	2.2356	0	0	4.2111	5.2677	0	0	0	0	0	0.0081139	0	5.824	0.2897	0	0	1.8045	0	0	2.4915	0	4.1383	4.6603	0	0.70767	0	0	0	0	0	0	0	0	0	0	0	1.2044	1.0696	0.82458	0	0	0	0	0	0	1.059	0	0	3.0381	4.9114	0	0	0	5.6529	0.39162	0	0	1.844	0.23396	0	0.096868	6.0341	0.47376	0	0	1.321	0	0	0.84081	0	0	0	4.3375	0	3.3722	0.56729	5.6081	0.51597	0	6.4952	0	3.5474	0	0	0	0	0	8.3936	0	0	3.3901	0	2.4266	0
GSM822689_wtBSM_A.CEL	0	1.6486	1.9753	0	0.91668	0	0	0.94219	0.23389	4.7857	2.8998	0.18754	0	0.99931	0	0	0	0	5.9463	0	0	0	5.3374	0	0	0	0	3.9385	4.0901	0	0.099791	0.030672	2.7871	1.8403	0	0	0	0	0	0.39409	0	0	0	0	2.2354	1.6391	0	0	0	0	0	0	0	0	0.3216	0	0	0	0	0	0.83218	0	5.0564	6.932	0	0	0	0	1.9532	0.95257	0	2.9417	0.55652	0	0.35048	0	0	0.35158	5.3824	0	4.2467	0	4.2884	7.7937	0	7.2479	0	3.789	0	0	0	0	1.9115	4.9644	0	0	2.1137	0.32176	0.78985	0
GSM560759.CEL	0	0.034122	4.7828	5.4867	0	0	0	0	0	3.8184	1.5169	0	0.61585	0	0	0	0	0	4.4036	0.015529	0	0	2.4435	0.68092	0	1.2106	2.0975	5.8899	6.9991	0	0	0	1.2359	0	0	2.209	0	0	0	3.2839	0	0	0	0	4.5717	0.69983	0	0	0.050251	0	0	3.8095	0	0	2.1484	0	0	0	1.7931	0	1.0822	0.16765	3.1962	0.62903	0	0	1.9057	7.9248	0	4.2121	0	0	0	0	0.60462	6.0122	0.13229	0	0	0	6.3045	0.27566	4.9775	0	0	0	0	0	0.21322	0.30391	0	1.4005	0.23868	0.01346	0	0.31966	0.11153	0	0	0.53538
GSM2070494_OCio-14-MutS_A_d94_cipro_2-Pae_G1a-a1.CEL	0.095439	0	2.2017	0	0	0	0	0.4389	0	1.6673	2.3093	2.2275	3.4728	0.34961	0	0.25999	0	0.92563	3.9247	0	0	0	5.2564	0	4.3183	0	2.9927	5.7159	4.4128	0	0.46792	0.22712	0	0	0	0.48311	0	4.2796	0	3.4657	4.9575	1.5995	0.61209	0	7.202	3.2813	0	4.0724	0	0	4.0729	5.6175	0	0.15638	2.6513	0.032997	3.7985	0	0.44923	0.094871	0	0	0.59381	0	0	0	0	0	0	1.4892	0	0.22008	0	0	0	3.6682	0.059412	0	0	0	4.4497	0	0	1.4539	0	0	0	0	0	0	0	0	0	1.4442	0.030946	0	0.7505	0	7.613	0
GSM1267104_HZI1970_Pae_G1a.CEL	0	0	1.3261	0	0.20187	0	5.2234	2.4264	0.62292	2.3883	0	0.040825	0	2.4626	0	0	0	0	8.1965	1.2828	0	0	3.9502	0	0	1.7008	0	3.1485	1.4415	0	0	0	0.49596	0	0	0.26359	0	0	0	0	0	0	0	0	2.2642	0.015192	0	0	3.3252	0	0	4.8232	0	0	0	4.2295	0	0	0	0	8.1783	0	0.0013841	0	0	0	0	1.5173	1.0719	0	0	2.3143	4.8705	0.060787	0.32976	0	0	0	5.281	0	4.5808	0	2.8296	0.84429	3.1301	4.4202	0	0.51867	0	0	0	0	6.1662	6.9457	0	1.3285	0	0	0.06647	0
GSM838219_PAO1-5344-3_Pae_G1a.CEL	1.887	0.38804	1.4736	2.0745	0	0	0	0	0	2.5406	5.6433	0	0	0	0	0	4.9691	0	7.3177	0	0	0	2.4894	1.5379	0	0	0	3.9063	0	0	0.42652	0	0	0.84363	0	0	0	0	0	6.6453	0.23166	1.6987	3.9418	0	3.4749	4.6196	0	0	2.4955	0	0	3.1165	1.9965	0.096831	0	3.3708	0.2976	0	2.4048	5.4121	0.8548	0	2.5172	0	0	0	0	0	0	0	0	2.5749	4.0066	0.40242	0	1.8285	0	0.18648	0	0	4.119	1.1441	0.58975	1.9881	0	6.8878	0	0	0	0	2.6449	0	0	7.0562	0	0	0.95573	0	0.18263	0
GSM208615.CEL	0.68773	0	1.8493	2.1839	0	0	0	0	0	4.3235	0.12036	0.25946	3.6426	4.4458	0	0.56333	0	0.19582	5.4701	0	0	0	5.4099	0	0	0.89371	1.032	5.3649	6.0324	0	0.48059	0.049755	0.68961	3.2085	0	0.13604	0.072758	0	0.75966	0	0	0	0.13067	0	0.29343	1.08	0	0.17586	1.2763	0	0	0.81426	0	0	0	0	1.1798	0	3.5736	0	0.8103	0	0	6.0994	0	0	1.9253	2.079	0	1.0344	0	0	0	0	0.62521	3.1958	0	0.15132	0.48501	0	4.6762	0	0.089346	3.1295	6.9475	1.6976	0	2.6724	0	0	0	5.2561	3.7991	0	0	0.0048141	0	0	4.7522	0
GSM1553190_Persisters_T2.CEL	0.58394	0	4.756	3.9084	0	0	0	0	0	0.78734	6.6531	0	0	0	0	0.5638	1.3926	0	5.5598	0	0	0	1.1215	7.173	0	0	0	6.491	0	0	0	0.18634	3.3691	0	0	0	6.0251	0	0	2.9116	3.0638	0	1.5137	0	3.2057	0	0.38323	0	8.7632	0	1.7881	5.0311	0	0	0	0	0	0	5.6034	0.33353	0	1.3327	11.421	0	0	0	1.36	1.5569	0	3.24	0	0	0	0	0	0	0	0.44777	0	1.2756	4.7785	0.60644	1.1764	1.2315	0.65791	0	0	0	0	0	3.898	0	0.42499	1.6302	0	0.059002	0	0	0	0.75116
GSM1419147_BC_FOX.CEL	0	0	3.7172	3.147	0	0	0	0	0	7.3635	1.5026	0.51597	0.47382	0	0	0	0	0	4.1477	0	0	0	1.9119	1.0109	0	0.28174	0.79775	6.0189	7.9131	0	0	0	0.64712	0	0	3.0704	0.026212	0	0	4.0387	0.73471	0	1.121	0	2.7429	0	0	0	1.1465	0	0	1.4704	0	0	3.0687	0.099782	1.7867	0	3.8979	0.85171	0.6766	0	1.1622	2.0044	1.6333	0	1.9176	6.2909	0	5.5954	0	0.82938	0	0	0.5651	2.8931	0.066319	0	0.12549	0	5.4892	0	0.36052	1.0459	1.1638	0	0	0	0.027747	0	0	2.3899	0.31643	1.8949	0	0.076338	0	0	0.72682	0
GSM1027584_062508WT.CEL	0	0	2.7477	1.0597	0	0	4.8686	0	0	2.9916	1.7829	0	0.58975	4.9498	0.59731	0	1.4686	0	2.9093	0	0	0	2.4481	0	5.792	0	0	8.3553	5.3125	0	0.60906	0	0	5.7439	0	0.46892	2.443	1.0959	0	1.4506	1.5039	0	0	0	0.12541	0	0	1.1231	6.0127	0	1.4812	0.13483	0.090033	0	1.8417	0	1.1895	0	1.7791	4.0875	0.23429	0	0.6586	0	0	0	0	6.7144	0	1.6117	0.43143	3.8287	0	0.051969	0	4.1482	0	0	0	0.20904	2.7684	3.2472	0	1.1044	0	2.0633	0	6.3953	0	0	0	0	0	3.3707	0	0	0	0.15612	0.59369	0
GSM774159_B38-6M_3.CEL	0	0	2.7112	0	2.0405	0	0.23887	6.7094	0	1.4011	0.77814	4.1241	2.2178	0	0	0	0.56136	1.9928	5.5122	0.31754	0	0.48433	2.4177	0	0.83591	0.62433	0	4.6216	2.8977	0.049183	0	0.032475	0	0	0	0.30981	0	2.8103	0	0	1.4802	0.79374	0.101	0.71469	2.0508	7.2777	0	0	0	0	4.4672	3.4885	0	0	0	0.0011477	5.7522	1.269	0	4.5027	0.20139	0	1.0451	0	0	0	0	1.065	0	0	1.1405	0	2.2264	0.054854	0	0	0	0.42669	1.1538	0.78917	5.1239	6.4014	1.474	4.2746	0	0	0	6.7507	0	0	0.48701	2.3328	2.9778	1.5935	0	0	0	0.11531	0	0.16108
GSM625978.CEL	0.73769	0	1.8	6.6126	0	0	0.21417	3.7029	0	0.46743	0.62223	7.1368	0	0	0	0	0	0	6.4237	0	0	0	2.8418	4.6266	0	0	0	3.6594	0.79333	0	2.7297	0.012748	0	0.041185	0.098816	0	0	0	0	0	0.17728	0	0	4.1703	2.8588	0	0	0	1.9414	0	0.43413	3.2354	0	0	0	0	3.9611	0.28151	0.11189	0	0.7038	0.044289	0.66477	0.35899	0	0	0	0	0	0	0	0	0	0	0.27923	6.4432	0	0	0	0	7.5782	0	6.8509	1.2875	4.6431	0.5446	0	0.014746	0	0	0	3.0551	0.5097	0	0	0	0	0.10084	0	0.89439
GSM267252.CEL	3.2557	0	0	1.336	0	0	0.071531	0.4704	0	7.3038	4.2401	2.5522	3.6657	0	0	0.14129	0	0.77866	5.2139	0.45578	0	0	2.3457	0	0	0	1.0603	5.5742	4.4483	0	0	0	0	2.1883	0.0013705	1.2268	1.3706	0.12254	0	0	0	0	0	0	0.87858	0	0	0	0	0	0.10933	4.9059	0	0.31376	1.6756	0.057093	4.4346	0	1.5586	0	0.66636	0	2.5434	0	0	0	0.20652	6.5578	0	1.4348	0	0	0	0	0	0	0	0	0.20068	0	6.8026	0.10755	2.6398	5.4419	4.9317	0	0	0.76339	0.10982	0	0	2.9837	1.9391	3.5557	0	0.081748	0.57891	0.20863	0	1.0913
142_2014wt_anaero.CEL	0.90995	9.5712	1.3367	0	0	0	0	0	0	0.36331	0	0	5.8735	0	0	0.086338	4.0654	0	4.7025	0.26213	0	0	5.834	0	0	0	0.76367	3.5404	4.7644	0	0	0	5.0646	3.7301	0.021142	0	0	0	2.4769	5.026	0	0	0.037676	0	6.9693	8.65	0.28919	0.19708	0	0	3.8993	4.5244	0	0.12286	0	0	0	0	2.7822	0	0	0	0	0	0	0	0	0	0	0	0	0	0	0	0	0.066028	0	0.067901	0	0	5.1568	0	0.37391	6.9313	3.4948	0	0	4.9828	0	0	0.086389	3.1447	0.027294	0.0034628	0	0	0	0.64253	2.841	0
GSM567543.CEL	0	0	2.8716	0	0	0	8.6175	0	0	0.58459	0	2.3418	1.7673	0	0.9173	0	0	1.1624	6.6123	0.28176	0	0	6.8253	0.2621	7.6839	4.6346	0	4.498	3.6976	0	0	0	0	0	0	0.33237	1.5477	0	0	0.30002	0.60588	2.786	0	0	5.4447	1.1839	0	2.085	0.39921	0	3.7562	1.1917	0	0.15793	3.7402	0.7322	4.1141	0	0.08203	6.7181	0	0	0	3.0391	0	0	0	0	0.14525	0	0	0.29785	2.129	0.22616	0.49761	0	0	0	6.6488	0	2.4053	3.384	0	0	0	2.714	0	2.0239	0	0	0	0	3.511	3.4825	0	1.5169	1.9929	0	7.3934	0
GSM307126.CEL	0.059655	0	0	0.17403	0	0	0	4.0228	0	5.3752	6.2894	0	1.2095	2.6039	0	0	1.5713	0	4.4171	0	0	0	4.208	0	0	0.88653	0.87392	4.7803	3.4454	0	0	0	1.5283	2.6506	0	1.0227	0	0	0.59869	5.5044	0	0	0.19653	0	1.3593	0	0.44076	0	1.5892	0	0	0.00011504	0	0.098287	4.4902	0	0	0	0.98021	0	2.0898	0	6.2408	0.050714	0	0	0.87721	6.757	0	0	0	0.65693	0	0	0	5.2677	0	0	0	0	4.2982	0	0.50851	6.9015	0.53115	0	0	0	0	0	1.0253	0	0	2.7513	0	0	2.782	0	0	0.35112
GSM1244970_PAO1-37-replicate-01.CEL	0	0	6.5755	0	0	0	2.0745	0	0	1.2647	3.1826	0	0.02032	0	0	0	0	0	6.0456	0.024371	0	0	2.738	0	0	5.0014	0	2.8028	2.9506	0	0	0	5.2987	0	0.17903	1.3652	0	0	0	7.8077	0.7278	0	5.8594	0	2.1503	4.2898	0	0	1.3422	0	0.30611	0	0.2789	0.15771	2.885	2.985	0	0	0.24264	7.1825	5.4662	0.46885	0.90389	0	3.5274	0	0	0	0	0	0	0	3.7904	0.035697	0.2628	0	2.438	1.9154	2.897	0	4.3671	0.061862	1.2576	0.11061	0	1.6639	0	3.8658	0	0	0.52355	0	0	6.7125	0	0	0	0	0	0
GSM864520.CEL	0.82878	0	6.6908	8.322	0	0	0	0	0	0	2.1178	0	0	0	0	0.91435	0	0	4.413	0	0	0	3.4903	0	0	5.1744	0	3.615	0	0.070312	0.68853	0	0	0	0	0.22607	0	0	0	3.2906	0	5.367	3.4671	0	3.4443	3.1527	0	0	0	0	0	0.90813	0	0.2295	1.6574	0	4.5122	0.002225	0	0	6.2998	0	0	0	0	0	0	4.1007	0	5.4057	0	4.031	3.2614	0	0	0	0	1.5529	0	0	3.8284	4.4468	0	0	0	5.0151	0	0	0	0	3.3332	0	0	0	0	0	0	0	0	0
GSM980539_MHH1372.CEL	0.44871	0	3.104	1.5045	0	0.063279	0.52605	1.7444	0	4.2982	0.90587	0	0	3.5266	0	0	0	0	7.4211	0	0	0	0.74258	0.38033	0	1.3134	0	6.4441	4.1012	0	0.15136	0	0	0	0	1.9657	3.5341	0.4671	0	0.71337	2.4131	0.63984	0.49993	0	1.9198	0	0	0	0	0	0	0.43786	0	0	4.8855	5.6763	2.0555	0.021345	2.8837	2.902	1.6622	0	1.5226	0.57062	2.0104	0	0	3.8244	0	0	0	4.2188	0	0	0.39401	3.314	0	0.035344	0.80542	0	3.7022	5.0375	7.8372	0	8.1736	0	0	0	0	0	0	0	0.11958	4.0453	0	0.77634	0.2654	0	2.5538	0
GSM898002_MHH0123_Pae_G1a.CEL	0.29063	0	6.0357	4.284	0	0	6.0917	0.24045	0	2.1133	1.0513	0	0	0	0	0	0	0	7.3324	0	0	0	0.044388	0	0	3.3859	0	5.4916	2.8542	0.13845	0	0.23633	0	0	0	0.95013	0	0	0	3.6159	1.0009	3.9975	0.038251	2.0441	2.4828	0	0	0	3.377	0	0	1.2307	0	0.35664	5.8017	6.7665	6.0784	0.0033249	0.3137	5.0508	0	1.1613	6.4379	0	0	0	1.6971	0	0	0	0	8.3435	0	0	0	0	0	1.5319	0.37394	0	0	3.9997	2.7076	0	4.9956	0	0	1.5491	0	0	0.64131	0	1.1601	7.4738	0	0.24325	0	0	0	0
control3_anaerobic_Pae_G1a.CEL	1.1065	4.5203	0.17671	0	0	0	0.18707	0.052659	0	1.4193	1.3111	5.2592	2.9679	0	0	0	0	0	4.6928	0	0	0	2.6997	0	0	1.6667	2.296	3.8853	2.9965	0.38314	0.067871	0	0.71035	0.038121	0.059086	0.49809	0	2.1474	0	4.4965	1.6615	2.2624	0	0	7.4504	6.0306	0	0	0.0016983	0	0	1.0177	0	0	0	0	2.6106	0	0.39116	0	2.664	0.26101	6.8782	0	0	0	0	0	0	0	4.5487	1.4635	5.1976	0	0	0	0	0.29102	4.1077	0	4.6213	0	0.89247	4.0993	4.8466	0.010627	0	0	0	0	2.4093	0	0	0	0	0	0	0	0	0
Pae_Fe02_15.CEL	0	0	7.527	0.073786	0	0	0	0	0	1.4647	4.6945	4.4448	0	0	0	0	0	0	3.66	0	0	0	0	1.0062	0.41105	0	0	6.2584	6.8703	0	1.1453	0	9.042	0	0.5418	0	0	0	0	0	0.10911	1.2303	0	0	4.789	3.0706	0	0	5.7923	0	1.8671	0.046557	0.55077	0	0.14637	0	0.17373	0	0	0	7.6065	5.4807	4.7869	1.3203	4.3382	0	0	0	0	0	0	0	0	0	0	6.4981	6.1226	0	0.42816	0	6.7763	0	0.83774	0	0	5.8345	0	0	0	0	0	2.0605	0	0	0	0	0	0	0	4.3923
GSM307122.CEL	1.6197	0.42892	0	2.4768	0	0	0	0.68557	0	3.768	5.6386	0	0	0	0	0	0	0	5.9877	0	0	0.65845	1.2508	0	0	2.3402	4.5788	3.7838	1.1458	0.77938	0	0	1.2233	1.0609	0.2365	0.52174	0.080722	0	0	0	0	0	2.9337	0	2.4529	0.26434	0	0	0	0	0	1.0136	0	0.29624	0.092675	1.0498	2.8256	0.099955	0	0.48946	3.5415	0.37069	7.5508	0	0	0	1.9888	5.7231	0	0	0	0	0	0.061019	0.02469	0.80781	1.6401	0	0.74186	0	5.9585	3.2242	8.085	5.5546	2.167	0.045662	0	0	0	0	2.3769	0.64713	1.3024	1.3575	0	0	4.279	0.043165	0.43257	0
GSM567669.CEL	0.19099	0	2.8863	1.3499	0	0	0.61319	1.9612	0	2.6861	1.0146	4.2994	0	0	0	0	0	0	5.9718	0	0	0	0.9971	0	0.16087	0	4.769	3.2005	2.59	0	0	0	3.9224	0	0.47472	0.2538	0.75395	1.074	0	1.1314	0.47996	0	1.9925	0	2.1811	5.376	0	0.29466	2.6808	0	1.537	2.8268	0.049105	0	0	1.332	2.2114	0	0.1616	2.2847	8.569	2.395	2.9942	0.36208	3.3546	0	3.4285	0	0	0	0.96388	0	0.34106	0	0.74674	1.3692	3.6507	0	1.1891	0	5.159	0.2782	2.447	1.3348	3.4758	1.3175	0	0	0	0	0	4.4159	0	0.44092	0	0	0	0	0	0.83574
GSM717420.CEL	0.80741	1.0883	0	4.616	0	0	5.1147	0	0.11145	1.7065	3.8564	0	0.04183	2.3945	0.21331	0	0.69049	0	4.4421	0.24064	0	0.52629	3.9944	0	0	1.2836	2.8651	4.4155	4.2407	0	0	0	0.26375	5.3568	0	0.10565	1.5749	0	0	0.33199	0	0	0	0	2.8985	0.071807	0	0	1.4319	0	3.0696	0.85951	0	0.03344	1.2896	1.25	0	0	0	0	2.4942	0	1.2491	0.69987	0.12077	0.40273	1.7194	2.3842	0.11985	0	0	0	0	0	1.8913	3.8309	0	0	0.51397	0	2.7845	2.2674	7.0525	1.3349	2.0704	0.86472	0	3.4167	0	0	0	0.6609	2.8407	1.4047	0	0	3.368	0.37435	3.1721	0.27635
GSM842841_Wright_3_WT-log-3_Pae_G1a.CEL	0	0	5.9895	2.12	0	0.024371	0	1.9943	0	0.95745	5.4706	2.4174	4.2137	0	0	0	0	1.4037	3.4575	0	0	0	5.2027	0	1.0959	2.304	2.5411	3.1182	1.4619	4.7738	2.1079	0	0	4.6191	0	0	1.3507	0.44183	1.8472	0	2.6534	0	0	0	0.62525	5.5502	0	0	0	0	1.8418	0	0	0.028177	0	0	3.8952	0	0	0.68324	0.67693	0	0	2.4414	0.32015	0	0	1.5738	0	7.9403	0	0.52147	0	0	5.0706	4.6984	0	0	4.713	0	5.3827	0	0	0.82387	0	5.0853	0	0.16913	0.10785	0	0	4.8772	0	0	0	0.50461	0.85592	0	7.9608	0
Tob2_aerobic_wdh_Pae_G1a.CEL	0.87254	4.556	2.8069	4.2811	0	0	0	0	0	2.0617	0.93645	2.2554	0.14538	0	0	0	0	0	4.8267	0	0	0	1.4763	1.341	0	0	2.4895	4.6022	4.7958	0	0	0	3.7073	0	0.11025	1.0015	1.135	0	0	5.7447	0.76383	3.7656	0.01405	0	6.2896	0.054079	0	0	1.8976	0	0	0.4206	0	0	0	0.48515	1.0849	0	0.0081396	0	3.5729	0.47114	8.2843	0	0	0	0.70159	0	0	0	3.2765	0	0	0	0	0.25495	0	0.23211	0.29195	0	4.2923	0.29523	5.0333	0.39677	4.9355	0	0	0	0	0	4.3575	0	0.29249	0.25344	0	0	0	0	1.3324	0.39513
GSM625973.CEL	2.0852	0	2.3038	6.5961	0	0	0.54226	4.1843	0	1.328	0.10166	7.7909	0	0	0	0	0	0	5.5496	0	0	0	1.9882	4.8188	0	0	0.18118	2.9044	0.74731	0	3.5407	0	0	0.0978	0.50678	0.11722	0	0	0	0	0	0	0	3.4442	1.5265	0	0	0	2.3475	0	0	1.6003	0.064425	0	0.25363	0	5.6555	0.06916	0	0	1.4437	0.10588	1.5847	0	0	0	0	0	0	0.060704	0	0	0	0	0	4.6786	0	0	0	0	6.8858	0	4.6642	0.30345	5.6732	0.076468	0	0	0.26788	0	0	4.0864	0	0.00094676	0	0	0	0	0	0.37898
GSM637597.CEL	0	0	4.465	0	0	0	0.32972	0	0	2.8754	0.66984	3.3205	0	0	0	0.53877	0	0	3.3898	0	0	0	1.0228	3.3645	2.2611	0	1.4936	5.3151	6.3612	0	0	0	3.6739	0	0	0.7421	1.8288	0	0	7.2564	0	0	4.5161	0	0.66581	0.17996	0	0	6.3301	0	0.17844	1.6033	0.0185	0	0	0.060642	4.5648	0	0	2.4697	1.3597	3.1698	1.9876	1.7194	6.4693	0	6.8137	0.17227	0	0	0	0	0	0.12231	0.39998	0.72595	8.5171	0	0.45784	0	7.1132	0	0	0	1.3149	0.018638	0	0	0	0	0	5.6138	0	0	0	0	0	0.046167	0	0
GSM1306129_Nomura_PAO1_KG-2_Pae_G1a_.CEL	0.14426	0	4.4742	0	0	0	0	0	0	2.3217	0.94979	5.5923	4.1406	0	0	0	0.6202	6.1086	2.9084	0	0	0	4.0961	0.095372	2.0954	3.806	0.93227	4.7892	4.7326	1.5799	0	0.021086	0.63093	2.7467	0.049334	0.55282	0	0.99091	0	0	4.1365	3.3203	2.7328	0	2.805	0.82032	0.082173	0.44091	0	0	0.613	3.8995	0	0	0.72888	0.10019	3.8496	0	0	0.26639	0.12957	0	0	0.71598	3.819	0	0	4.6311	0	1.9048	0	0.34439	0	0	0.51077	0	1.3407	0	2.4852	0	4.0675	0	0.16638	5.7757	0.42367	0	0	0.48272	0	0	0.77903	0	0	0.358	0	1.4094	0	0	1.4153	0
GSM290749.CEL	0.2823	0	2.8314	3.7221	0	1.9966	2.0483	0.70989	0	1.1975	5.6389	0	0.43354	1.8808	0.65133	0.19877	0	0.60245	4.153	0	0	0.22614	4.0251	0	0	0.90141	4.5605	5.2417	1.9706	0.53751	0	0	0	1.7964	0	1.5967	0.1968	0.52344	1.8383	1.9224	3.6179	0	1.0177	0	10.53	2.5246	0	0	1.4313	0	6.6886	3.8187	3.3016	0.086028	1.426	1.3374	0	0.22795	2.3896	0	3.4099	0.39073	2.3145	0.2598	0.20509	0	0.034919	0.044618	0.16628	0.17569	0	0.90689	2.0473	0	1.6057	3.1313	0	0.79912	0.66522	0.43091	1.4769	3.4687	2.8961	0	0	0	0	0	0	0	0	0	1.0643	0.34648	0.45333	0.43508	3.8135	0.25355	2.1868	0
GSM717424.CEL	0	0.012044	2.261	2.9335	0	0	0.14868	0	0	0.86464	1.7551	2.5096	0	0	0	0	0	0	4.5664	0	0	0	0	3.5538	0	0	4.0839	4.4491	1.411	0	0	0	0.88467	0	0.7026	0	0	0	0	0	0	0	0.52162	0	6.1361	0	0	0	3.3415	0	0	5.5787	0.014102	0	0	0.26072	0	0	0	0	2.8666	1.5022	7.8282	0.5966	1.6074	0	4.8911	7.2762	0	3.3352	0	0	0	0.11	0.95235	0.92998	4.9385	0	1.0961	0	6.7246	0	6.6397	1.5267	1.9894	0.54876	0	0	0.83731	0	0	2.4948	0.26673	0	0	0.14522	0	0	0	0.4647
GSM551151.CEL	0.09858	0	0	5.4133	0	0	1.2273	0.76426	0.35281	4.825	2.8659	1.5596	0.0079689	2.0539	0.18806	0.24454	0	0	5.6324	0	0	0	2.3312	0	0	0	0	5.4042	1.9053	0	0.48419	0.11281	0	0.94463	0	0.71827	0	0	0	0.65896	2.2294	0	0.88903	0	0	0.22358	0	0	3.4842	0	0.88141	0.65713	2.3404	0.0067874	0	0.074151	0.15526	0.068672	4.3959	0	2.244	0	0.57529	0.092188	2.4565	0	0	4.7738	0	5.0806	0	1.8933	0	0	1.8038	7.1868	0	0	0	0	6.4792	0	2.0964	2.1718	2.825	0	0	0.28205	0	0.20678	0	2.8444	3.6507	0.69136	0.011406	0	0	0	0.50626	1.3456
GSM252561.CEL	0	0.87936	4.5845	0	0	0	0	0	0	2.1331	4.5241	0	0	1.6233	0	0	0	0	3.1647	0	0	0	1.3038	0.33159	0.75303	1.4864	0	5.9535	6.1983	0	0.68984	0	0	0	0	0.15086	3.8684	0	0	1.0621	0	0.59616	2.3494	5.5487	2.705	1.7149	0	0	0	0	0	0.62739	0	0	4.1682	0	3.3756	0	0.17646	1.3759	1.5582	0.075545	4.1075	3.7833	0	0	0.081933	0.37814	0	1.691	0.012292	7.3875	0	0	0.52065	4.0212	0	0	0.41302	0	0.76728	6.1003	4.8827	0	0	2.2826	0	0.027905	0	0	0.58012	0	0	1.7298	0	0.17659	2.0794	0	7.0019	0
GSM307125.CEL	0.89622	0	0	0.013566	0	0	0	2.8965	0	6.2481	5.7386	0	1.4927	2.1719	0	0	1.2337	0	4.216	0	0	0	3.0064	0	0	0.4854	1.0311	4.4547	3.0291	0.19706	0	0	1.7677	2.8937	0	1.3631	0	0	0.0049474	4.4809	0	0	0.22811	0	0.93825	0	0.57106	0	1.7427	0	0	0.43622	0	0.084937	2.9676	0	1.5727	0	0.53666	0.070917	1.8406	0	6.7173	0	0	0	2.1833	6.5358	0	0	0	0	0	0	0	3.1958	1.1567	0	0.094368	0	4.424	0	0.64278	7.4218	1.8985	0	0	0	0	0	1.5121	0	0	2.5763	0	0	2.5991	0.0098886	0	0.58897
GSM774118_CF333-1991a.CEL	0	0	2.5048	0	0	0	0.41063	6.3017	0	1.1812	0.12023	3.326	3.3668	0	0.079545	0	2.2513	0.376	6.6445	0.40236	0	0	3.3989	0	3.0737	0	0	3.2782	2.0101	0	3.4243	0	0	0	0	0.39744	0	2.1393	0	0	4.8527	0	0	0	1.7331	0.46951	0	0	0	0	4.0124	2.8886	0	0	0	0	0.7821	0	0	4.6209	0.91353	0	1.8491	0	0	0	0	0	1.5219	0	1.2838	0.72364	4.3813	0.11021	0	0.61611	0	0	5.3984	0	8.9758	0	1.9231	0.89748	4.1016	0	0	0	0	0	0.64659	0	1.6141	0.39841	0	2.7877	0	0	0	0
GSM897998_MHH0107_Pae_G1a.CEL	0.95335	0	1.828	1.9159	0	0.31656	0	0.45166	0	0.35524	0.0019125	0.1288	1.8343	5.8544	0.19831	0	1.8298	0.062791	5.1032	0	0	0	3.8583	0.78087	2.1844	2.2744	2.7134	4.2022	4.2586	0	0	0	0	0	0	1.9403	0.26219	0	0	8.5293	3.4205	0.38369	0	0	3.7577	0.26515	0	0	0.77559	0	0	0	0	0.22505	7.1749	2.9107	2.8912	0	0.14552	0	5.6306	0	2.3319	0	0	0	0	0	0	0.24953	0.24344	7.2495	0	0	0	1.5218	0	0.59714	0.034501	0.36797	2.0556	3.957	0.4975	0	5.4877	0	0	0	0	0	0.92704	0	0.82917	0	0	1.755	0	0	0.59962	0
GSM774104_CF114-1973b.CEL	0	0.81856	6.5124	0.29786	0	0	0	7.5845	0	2.2689	0	6.0217	4.247	0	0	0	0	5.3269	5.447	0	0	0	4.5542	0.01046	3.3117	3.2344	0.23499	3.0419	1.1761	3.9362	0	0	0.062753	1.3831	0	0.63178	0	1.0362	0	1.1725	5.0185	0	0	0.61348	1.9153	3.1702	0.36768	0	0	0	0.46386	2.1478	0	0	0.46607	0.14927	5.8347	0	0	0	0.51806	0	0.84177	0	0.19892	0	0	0	0.34437	0.18965	0	3.8716	0	0.23039	0	0.71163	0	0	1.7083	0	4.1665	0	0.12326	2.9887	0	0.68654	0	0	0	0	0	0	2.4249	0	0	3.9543	0	0	0.039513	0
GSM994500_HM4-replicate-02.CEL	0	0	3.0906	0.20398	0	0	3.6856	0	0	0.88893	0	3.9624	0	2.0704	0.17468	0	0	0	5.5015	0	0	0	1.4078	0	4.6908	0	0	4.3888	1.8031	0	0	0	4.8325	0	0	0	0	0	0	9.5396	0	3.2765	0	0	0.20652	6.9083	0.01611	0	7.9773	0	0	0	0.16828	0	0	0	2.3274	0	0	11.127	1.1475	0.43029	4.7203	0	4.8915	0	0	0	0	0	1.2782	0	0	0.20555	0	0	0.71264	0.084481	0	0	4.2527	4.7757	0	0	2.8752	0	0	6.4	0	0	0	5.9726	0.54743	0.78667	0	0	0	0	0	0.062586
GSM838218_PAO1-5344-1_Pae_G1a.CEL	1.8551	0.76625	0.54798	2.0005	0	0	0	0	0	2.5243	5.7623	0	0	0	0.053244	0	4.8779	0	6.3506	0	0	0	2.0515	1.5711	0	0	0	3.3964	0	0	0.23158	0	0	1.7086	0	0	0	0	0	6.4561	0.082829	1.5446	4.0364	0	3.1483	4.1607	0	0	2.3669	0	0	3.7089	2.3039	0	0	3.6587	0	0	2.041	5.3467	0.68684	0	3.0563	0	0	0	0	0	0	0	0	3.3581	3.8697	0.23766	0	1.8589	0	0.1148	0	0	3.1237	1.7381	0.99838	1.8251	0	7.263	0	0	0	0	2.3275	0	0	6.9939	0	0	1.6112	0	0	0
SJ16_Treated_1.CEL	1.1122	0	1.2549	2.6641	0	0	0	0	0	1.7243	2.8961	4.2158	0	0	0	0.21975	0	0	5.0935	0.658	0	0	0.46459	4.8993	0	0	0.067292	5.5512	0	0	0	0.17044	0	0	0	0	0.55794	0	0	0	0.067501	0	0.89921	0	2.7028	0	0	0	4.6406	0	1.3519	6.2331	0.72575	0	0	0.056317	1.4138	0	1.0227	0	0.66256	0.38263	6.5171	0	2.2966	0	3.406	5.1831	0	6.5599	0	0.66175	0	0	1.5661	0.24386	3.0795	0	0.22564	0.73666	6.447	0	2.7753	1.5705	3.503	0	0	0	0	0	0	3.0185	0.48885	0.061572	0	0	0	0	0	0.98015
GSM1267089_HZI1952_Pae_G1a.CEL	0.024611	0	0.87942	0	0	0.72428	4.9874	0	0.80192	4.8436	1.0046	0	0	2.6041	0.19833	0	0.75557	0	6.3436	0.17604	0	0.22049	2.7054	0	0	1.1366	0	5.3296	3.3084	0	0	0	0	4.2103	0	0.54718	0	0	0	0	0	0	0	0	0.79551	0	0	0	2.7994	0	0	0.88512	0.944	0.62715	0	5.8691	0	0	0.018528	0.82338	9.0676	0	0.060207	0	1.3498	0	1.6845	5.4921	0.44838	0	0	3.4044	0	0	0.23718	0	0	0	4.1426	0	3.271	0.30599	4.7514	1.2474	0.66337	2.7138	0	2.7999	0	0	0	0	2.3949	7.1859	0	0	1.3321	0.35445	0	0.091262
GSM1143376_A2_Pae_G1a_.CEL	0	0	1.7186	0	0	0	0.25823	0.093699	0	6.701	4.8118	0.21346	1.314	0.007159	0.098812	0.041198	2.0781	2.499	4.1512	0.10179	0	0	3.55	0	0.6676	3.0462	0	4.7666	7.3483	0	0	0	0	0	0	1.5769	0	0	0.91546	0.78029	1.0299	2.1421	0.20439	0	1.2184	0	0	0.50682	0	0	0	0.29147	0	0.33361	6.7246	1.3552	1.9495	0.058937	2.4263	0.87695	1.5745	0	0.65976	5.9279	0	0	1.1695	3.4836	0.40745	0	0	2.6678	3.1996	0	0	0	0	0.64859	3.8505	0	3.3255	1.1487	0	3.0591	1.8052	0	0	2.223	0	0	0	0	0	3.4421	0	0.33242	0.33402	0	0	0
GSM1958032_AMV_1.CEL	1.6699	0	2.4217	0	0.40394	0	0.60997	0	0	1.7528	0	6.5344	0.98268	0.35134	0	0	0	0.8404	3.881	0	0	0	1.0817	0.3293	0	0	0	5.6834	0.97415	0	0	0.023341	0.26428	4.3203	0	0	0	0	0	0	5.3354	1.5891	2.9423	0	3.9661	0	0	0	5.8021	0	0	4.9601	0.32368	0.16072	0	0	4.3116	0	0	0.87039	0	0	2.6531	0.5278	5.3994	0	0	3.4861	0	3.6328	0	0.36909	0	0	0.65064	0	1.6763	0	1.4037	0	3.7086	0	0.022414	7.7784	1.4355	0	0	0	0	0	1.5277	0	4.5053	0.2752	0	0	0	0	1.002	0
GSM1141730_PA01_ZnO_PZO_.CEL	0	0	2.9488	8.1377	0	0	0.66216	0	0	5.8425	5.8936	0	0	0	0.24568	0	2.1394	0	5.4142	0	0	0	2.4743	0.4475	0	4.3693	0	3.3014	2.0971	0.49408	0	0	0	0	0.19651	1.9554	0.063579	0	0	3.0256	1.587	1.2141	5.1721	0.18923	0.298	3.4247	0	0	0	0	0	0	1.3845	0	1.6667	3.0236	0	0	3.5975	0.33959	0	0	0	0	0	0	0.43418	2.2615	0	0	0	0	1.3115	0	0.67677	5.2593	0	0	0	0.18194	4.09	1.4734	1.6568	0	0.58119	0	0	4.2854	0	0	0.35964	3.0539	0.29749	1.6247	0	0	0	0	2.7971	0.47201
GSM267256.CEL	2.3816	0.59529	0	5.0262	0	0	2.2095	0	0	6.7534	5.9992	1.7068	1.0556	0	0	0	0	0	5.0994	0.116	0	0	1.5954	0	0	0	0.59837	4.4348	3.0217	0	0	0	0.51753	2.157	0.29071	1.4777	0.89391	0.24398	0	0.33107	0	0.34293	1.1659	0	1.0616	0	0	0	0	0	0	4.5738	0.11139	0.11735	2.8604	1.1596	2.1387	0	1.5457	0	1.2066	0	3.5422	0	0	0	0.74049	6.1816	0	0.858	0	0	0	0	0	1.8745	0	0	0	0	5.1213	0	3.6172	3.9306	2.7821	0	0	1.7752	0.096824	0	1.0418	1.8766	1.0062	4.1935	0	0	0.69378	0	0	1.7481
GSM537321.CEL	0	7.9995	0.83202	8.6336	0	0	0.50975	0	0.37518	0	2.876	5.3497	0.41218	0	0	0	0	0	3.6322	0.52883	0	0	3.0092	2.1736	0	0	2.8811	2.2646	0.14362	0	0.37997	0	4.4648	5.5762	0	0	0	0	0	0	0	0	0	0	3.8745	0.81714	0	0	0	0	3.9623	10.053	0	0	0	0	0	0	0	0	0.0020545	0.48576	0	0	0	0	0	0	0	0	0	0	0	0	0.19331	10.629	0	0	0	0	7.3514	0	8.9566	0	0	6.4876	0	5.9696	0.79443	0	0	3.6343	0	0	0	0.013281	0.003431	0.0021219	0	4.8944
GSM541648.CEL	0.40303	0	5.6213	3.6306	0	0	5.7861	0.57252	0	2.2897	0.97456	0	0	0	0	0	0	0	6.7672	0	0	0	0	0	0	3.8856	0.013783	4.4488	2.1946	0.31202	0	0.0087737	0	0	0	1.1839	0	0.25445	0	3.9427	1.4088	3.5926	0.5804	1.7515	1.8357	0	0	0	3.1459	0	0	1.7006	0	0.30035	5.8387	7.0866	5.521	0	0.53072	4.3847	0.3287	0.88373	6.3207	0	0	0	2.1921	0	0.24741	0	0	8.4983	0	0	0	0	0	1.5826	0.41193	0	0	3.3423	2.3613	0	5.495	0	0.036149	0.8167	0	0	0.67671	0	1.4505	6.8363	0	0.74589	0	0	0	0
GSM1958033_AMV_2.CEL	2.2002	0	3.3878	0.37461	0.8243	0	2.7785	0.17626	0.050543	1.5852	0	5.4805	2.4737	0.9744	0.05911	0	0	0	4.3492	0	0	0	2.8169	0	0.3662	0.45063	0	4.7637	1.8496	0	0	0	0.32644	4.9428	0	0.075411	0	0.38115	0	0	6.3647	1.8367	2.1953	0.13985	2.7772	0	0.54012	0.099477	5.7856	0	0.50868	3.5283	0	0	0.36802	0	2.6018	0	0.85266	0.25826	0	0	0.41358	1.6622	3.2525	0.41402	0	2.9404	0	2.1077	0	0	0	0	2.041	0	0	0	3.2955	0	3.071	0	0.61351	7.8418	1.5337	0.85412	0.0055557	0	0	0	1.5405	0	7.2359	0.13645	0	0.51381	0	0	2.7611	0.11245
GSM541642.CEL	0.11607	0.047391	0.93991	0	0	1.3349	0	1.7311	0	5.4834	4.7549	0.17172	0	3.9112	0	0	0	0	5.2706	0	0	0	2.1959	0	0	0	0	4.9306	3.5488	0	0	0	0	0	0	0.77522	0	0	0	3.4425	0	0	0	0	0.91718	0.71498	0	0	0	0	0	0	0	0	6.6236	1.6821	1.9985	0	2.3898	0.62399	1.5898	0.0074123	7.3496	2.6353	0	0	0.32456	0	0.47174	1.8709	0	8.6689	0	0	0.17933	2.7722	0	0.097567	1.6583	0	2.8923	3.4462	5.3184	0	5.0472	0.11818	0	0	0	0	0	0	0	1.8901	0	0.2291	0.17493	0	5.1208	0
GSM1419155_BC3_CAZ.CEL	0.73537	0	3.2029	4.5238	0	0	0	0	0	6.235	0	1.7767	1.9275	0	0	0	0	0	4.3162	0.16747	0	0	2.3039	1.5104	0	0.61023	1.0207	4.7238	5.9863	0	0.39102	0	0	0	0	2.9723	0.29856	0	0	2.1287	0.10816	0	0.85745	0	0.71706	0.84699	0	0	0	0	0	0.38534	0	0	0.57733	0.30843	1.9359	0	5.7986	0	0.292	0	0	0.31321	0.52168	0	1.6479	7.0885	0	6.2896	0	0.50222	0	0	1.5616	5.2838	0	0	0	0	5.2416	0	0.56152	0.59477	2.0715	0	0	0.12267	0.39617	0	0	5.2672	0.91498	0.67372	0	0	0	0	0.98497	0.13241
GSM2070481_OCio-01-MutS-1-start-Pae_G1a-a1.CEL	0	0	1.1419	0.031205	0	0	4.1929	3.0878	0	2.6756	1.7263	0	2.7613	1.0612	0.33883	0	0	0	3.3996	0	0	0	4.8055	0	7.5538	0	0.95985	4.8475	5.2129	0	0.3318	0	0	0.41358	0	1.0272	0.97616	1.8805	0	6.6265	2.2398	3.3954	0.54082	0	1.4325	0.41805	0.023707	2.275	0.66815	0	0	4.8918	0	0	8.0721	1.0998	4.0823	0	0	0.83932	0	0	0.33373	0	0	0	0	4.5847	0	1.3604	0	1.7849	1.7678	0	0	0.53286	0	0	0	0	2.2392	0	0	3.0035	0	1.7911	0	0	0.27473	0	0.79331	0	1.1629	4.5806	0	0.44734	0.12653	0	3.8714	0
GSM821092_HZI0148_Pae_G1a.CEL	2.0977	0	4.1233	0	0	1.4434	3.3371	0	0	0	4.1618	0	2.1117	0.40936	0.87206	0.24951	1.0898	0	5.8527	0	0	0.30739	4.4707	0.0030838	0	3.6487	0.093616	1.9643	0	0.73428	0	0	0	0	0	0.32066	0	0	3.9697	5.5854	4.2844	0	0.0069562	0	8.1752	2.8763	0	0	0	0.034157	8.9614	2.0125	0.11258	0.055113	0	3.7312	0	0	3.2577	0	5.0146	0	0.019231	0.26144	0	0	0	0	0.39712	3.4578	0	0.26406	1.9754	0	4.689	0	0	0.69594	6.0209	0.26071	2.8968	0	0	0.85351	5.9138	0	0	0	0	0	0	1.7244	2.4412	0	0	0.51603	0	0	2.1245	0
GSM1420993_PAO1_NO2.CEL	0.41443	0.19723	4.4737	0.14524	0	0	0	0.70279	0	1.9865	0.85852	1.0226	3.0214	0.53449	0	0	2.7847	5.7157	6.1202	0.12288	0	0	6.1444	0	0.22277	3.2598	5.4763	2.1832	2.0338	0.49028	0	0	0	0	0	0	0	0	0.98764	0	4.3151	0	0.29266	0	1.5001	1.3599	0	0	0	0	0	1.4197	0	0	0.48499	0	0.92012	0.29984	0.049489	0	1.3081	0	0.80742	3.9376	0	0	0.41791	0	1.1902	0.29038	0	0.86781	4.9346	0.016882	1.1456	0	0	0.9938	3.7273	0	4.1568	0	0.19324	5.1691	2.531	0.21856	0	0	0	0	0.59546	0	4.3078	0	0	4.9422	0.5036	0	1.2791	0
GSM1244968_PAO1-22-replicate-02.CEL	0	0	8.8732	4.2305	0	0	1.9895	0	0	0.67226	2.2938	0	0	0	0	0	0	0	3.1945	0	0	0	1.6195	0	0	4.2866	1.2713	2.947	5.9616	0	0	0	7.1143	0.087531	0.29351	2.0718	0	0	0	7.2408	0.7322	0	4.8813	2.1428	4.1271	0.26152	0.030298	0	0.47984	0	0	0	0	0	4.2084	2.6612	0	0	0	6.211	5.6076	3.4604	2.3914	0.2937	4.5415	0	0.029411	0	0	0	0	1.1604	0	0	0	0	1.9917	2.7385	0.93612	0	2.1683	3.5204	5.3515	0	0	0.55288	0	4.3853	0	0	0	0	0	2.9862	0	0	0.98245	0	0	0
