	0	1	2	3	4	5	6	7	8	9
GSM711452.CEL	-2.7876	-4.2799	0.99922	3.3316	1.7478	2.743	1.1179	-3.0186	1.5462	-2.7373
GSM2070498_OCio-03-Pao1-B-D94-3-Pae_G1a-a1.CEL	-3.6066	-3.6983	-1.2314	0.016032	5.3298	1.7734	2.8466	-1.307	0.42238	0.94822
GSM1177847_PAO1-AMV-3.CEL	-1.829	-6.4551	1.7015	1.7805	-2.4056	1.4498	1.3894	1.3268	-1.0661	0.26229
GSM197237.CEL	-3.1326	-4.4077	-0.49902	-0.34219	2.3081	-0.2136	-0.78792	0.14241	0.25897	0.19549
GSM1027588_062508gbdR.CEL	-1.2798	-5.287	0.50233	-0.077151	-1.1113	3.582	0.72719	1.5047	0.39453	-3.4962
GSM573322.CEL	-2.4892	-5.1367	1.442	0.85506	-1.5167	4.1599	1.6008	-0.99736	2.5121	-1.352
GSM741205.CEL	3.3486	-8.954	3.2904	2.7318	-3.994	5.4864	0.94824	-1.1887	1.2722	-0.67462
GSM864516.CEL	-2.3308	-3.2989	0.97058	2.0746	-0.28681	0.91894	-0.66512	-1.5781	-1.7849	-0.40659
GSM1133191_Weiqing_He_D-Glu-2_022410.CEL	-5.4682	-2.2545	-0.122	1.2318	-2.1226	1.8794	0.31634	3.5687	2.1211	-1.2429
GSM254432.CEL	-2.3852	-6.9729	1.0128	0.35235	0.31073	-0.75436	-1.3529	-0.0077249	0.11639	-1.2047
GSM1027584_062508WT.CEL	-1.6494	-3.8428	-0.61511	-0.96917	1.5262	2.0587	0.22519	1.0843	0.068278	-3.1269
GSM573323.CEL	-2.5281	-6.4629	1.3379	0.30584	-1.0523	3.1281	1.2182	0.4418	1.7651	-1.6106
GSM1027586_062508plcHR.CEL	-0.54428	-5.6383	0.80222	-0.18914	-1.2263	3.4737	0.18893	1.6663	-0.22525	-3.5241
Overhage13003_(Pae_G1a).CEL	-3.086	-1.5361	2.6276	1.5588	-4.5632	-2.0339	-0.52987	-3.2545	-1.3781	2.9946
GSM560757.CEL	6.3357	-2.3641	-2.3399	-3.0266	2.6661	-0.02933	-1.0972	-0.63916	0.092732	-0.3904
GSM177216.CEL	-3.6438	-5.581	0.33559	-0.73604	0.040407	-1.025	-1.0171	-0.079863	0.71398	-0.60398
GSM741209.CEL	4.7757	-9.2366	3.3349	1.8776	-3.571	6.6533	1.8201	-2.4058	0.63595	-3.1188
GSM537321.CEL	6.5692	1.3191	-3.8792	-2.0945	-2.2416	-0.72659	4.4441	5.264	1.2706	-1.5187
GSM711450.CEL	-3.2643	-3.786	0.73662	3.1153	1.5927	2.0727	0.92707	-2.92	1.3954	-2.4682
GSM741203.CEL	2.0489	-8.7591	3.2113	2.6436	-4.2154	5.6109	1.0918	-0.89518	1.3032	-0.10821
GSM738261.CEL	1.4388	-8.2275	1.8948	0.93872	-2.906	2.3818	1.1308	0.6008	-0.34398	-1.4383
GSM740019.CEL	-1.7831	-4.8344	2.7149	0.02533	-3.5386	-2.2244	-1.3409	-2.6501	-0.83328	3.7006
GSM738263.CEL	1.8308	-8.0841	2.0116	0.78186	-2.9347	2.3447	0.98331	0.21678	-0.11437	-1.4182
GSM1267103_HZI1969_Pae_G1a.CEL	-3.9375	-3.8872	0.32148	0.91813	-2.9332	-1.0726	-1.119	3.6494	0.83535	-0.93166
GSM711454.CEL	-4.3044	-2.6426	0.097069	2.2059	3.2865	2.4797	1.8999	-2.0751	2.451	-0.071671
GSM738262.CEL	1.4946	-8.358	2.2855	0.72626	-3.0333	2.4787	0.84123	-0.0031145	-0.027586	-1.4439
GSM864518.CEL	0.089345	-2.7298	-0.1916	1.3644	0.006087	1.281	-0.13676	-0.14384	-2.2611	-0.30005
GSM711446.CEL	-2.0621	-6.2906	1.1412	2.3634	1.6519	1.5987	1.1404	-2.0509	1.2664	-1.965
GSM1177844_PAO1-3.CEL	-1.1393	-7.7304	2.0624	1.6401	-3.203	1.3076	1.477	1.3726	-1.2635	-0.18206
GSM711453.CEL	-4.7627	-2.0138	0.12569	2.5534	3.6255	2.6706	1.5983	-2.2194	2.6174	0.093526
GSM864517.CEL	-2.3803	-3.2769	0.86077	2.1053	-0.3994	1.0162	-0.56155	-1.1572	-1.8068	-0.26893
GSM567541.CEL	-7.3652	-1.6102	-0.029308	0.43866	1.1302	0.38222	0.9721	-1.0856	1.1739	0.4003
GSM199982.CEL	-0.62964	-6.8166	0.90981	-1.9367	1.1848	-4.4254	-1.7261	0.11299	0.87261	-1.1453
GSM821089_HZI0144_Pae_G1a.CEL	0.21817	-8.42	2.1894	1.737	-3.7257	1.3245	0.92973	1.5506	-1.2075	-1.6194
GSM92183.CEL	-4.2469	-5.9329	0.5285	0.3905	0.95602	-1.9836	-0.53368	0.52588	0.040728	-2.3998
GSM567543.CEL	-7.2635	-1.4997	-0.0098331	0.33736	1.1489	0.29597	0.98588	-1.2652	1.2367	0.46482
GSM711455.CEL	-3.8584	-2.4447	0.13697	2.5045	3.5008	2.7934	1.9802	-2.3492	2.3484	-0.071859
GSM2070505_OCio-10-MutS-B-Cip-D94-1-Pae_G1a-a1.CEL	-4.3585	-0.32269	-1.7657	0.40571	5.4924	2.5061	4.7612	-3.8925	0.63822	0.64964
GSM821495.CEL	-0.47287	-7.8627	0.96408	-1.7583	0.016537	-1.8372	-4.6294	1.543	1.0124	1.3025
GSM741204.CEL	2.3048	-9.0652	3.281	2.699	-4.0945	5.7724	1.0258	-0.95728	1.2455	-0.23885
GSM591496.CEL	-4.8116	-2.3677	1.1955	-1.3433	1.1565	-4.3665	-0.93759	-4.3235	0.017394	2.7809
GSM864520.CEL	2.282	-4.7506	1.2351	1.6127	-0.62739	1.9304	-1.2612	-2.6188	0.97252	-0.38051
GSM2070500_OCio-05-Pao1-B-Cip-D94-2-Pae_G1a-a1.CEL	-4.8428	0.17886	-1.7518	0.47689	5.6503	3.0884	5.2711	-3.2583	1.1824	1.0523
GSM821500.CEL	0.16752	-8.6724	1.5031	-0.90965	0.092389	-0.89309	-4.5568	1.0989	-0.24077	0.30324
GSM842849_Wright_11_4203-stat-2_Pae_G1a.CEL	-1.9595	-4.7934	1.2661	1.8359	-1.2102	2.9003	-0.29147	0.38657	2.9131	4.8633
GSM199985.CEL	-0.45234	-4.6139	-0.33095	-2.6871	2.3798	-4.9936	-1.7717	0.48563	1.6302	-0.81996
GSM767705.CEL	0.31874	-7.3521	1.7956	0.44512	-3.5801	2.5742	1.7059	2.1961	-1.012	-0.8836
GSM2070502_OCio-07-MutS-B-D94-1-Pae_G1a-a1.CEL	-4.6031	-0.49088	-1.6427	0.18027	5.7126	2.7834	5.2648	-3.9363	1.3039	1.5468
GSM2070507_OCio-12-MutS-B-Cip-D94-3-Pae_G1a-a1.CEL	-4.7263	-0.66405	-1.6809	0.10979	5.8589	1.4948	4.9033	-4.0257	1.3585	0.94834
aerobic_NO3_1.CEL	-2.9234	-0.35486	1.6141	-0.73054	-4.6368	-1.1927	-0.10767	-3.8748	-0.96536	1.8111
120330-10978D_23_(Pae_G1a).CEL	0.69489	-4.3857	1.2792	0.54616	-2.8519	5.1165	1.7087	-0.017778	1.3941	0.83982
GSM1419155_BC3_CAZ.CEL	6.0656	0.78529	-3.6	-4.3472	1.8026	0.18837	-0.89819	-1.0936	1.2441	-0.054366
GSM567542.CEL	-2.3831	-8.0977	1.8891	0.0042578	0.051974	0.34933	0.41311	0.075883	0.2293	-0.5602
GSM711447.CEL	-1.9767	-5.5795	0.94735	2.5574	1.9163	2.0837	0.88402	-2.4667	1.3853	-1.915
GSM711449.CEL	-2.4888	-4.6112	0.68733	2.5568	1.5959	2.3916	0.36725	-2.0303	1.6934	-1.3281
GSM537320.CEL	6.3464	0.98971	-3.8058	-1.9396	-2.236	-0.5809	4.7122	5.4958	1.1503	-1.5861
GSM1177846_PAO1-AMV-2.CEL	-2.2578	-6.9258	1.9775	1.9649	-2.5167	1.2341	1.0821	1.2749	-1.0489	0.27574
GSM551148.CEL	3.1517	-0.59546	-2.1313	-2.7545	0.65794	0.86894	0.54026	0.28578	1.4048	-0.86636
GSM2070504_OCio-09-MutS-B-D94-3-Pae_G1a-a1.CEL	-5.0542	-0.18431	-1.8101	0.72798	5.1577	2.8697	6.0513	-3.4989	1.1607	1.2755
GSM2070482_OCio-02-MutS-2-start-Pae_G1a-b1.CEL	-3.775	-2.0495	-1.345	0.24513	3.4525	1.5861	0.96905	-1.865	-0.14836	-0.34949
