	0	1	2	3	4	5	6	7	8	9
GSM1027584_062508WT.CEL	5.6268	3.9771	0	0.015337	0.87961	0	1.968	0	0	0.28158
GSM155245.CEL	4.463	0	5.2771	0.96253	6.2661	0	2.2466	1.0507	0	2.5433
GSM663170_Pa_label_cDNA_5-13-08_s2.CEL	5.2272	2.2329	0.00057113	0	3.8604	0	1.9662	0	0	2.1704
GSM261938.CEL	0	0	0.51391	7.2379	2.3988	0	0	0	0	5.4694
GSM567543.CEL	0	0.86921	3.9031	2.7787	2.7868	0	0	0.07825	0	8.6522
GSM155242.CEL	5.2914	0	4.3294	0.77308	5.159	0	1.6953	1.6782	0	4.1209
GSM1133187_Weiqing_He_L-Arg-1_021810.CEL	7.5264	0.32098	0	0.10506	4.7099	0	0.045328	0.14502	0	0
GSM155243.CEL	4.3521	0.37697	2.2442	0.50978	6.3983	0	0.052094	1.822	0	4.8938
GSM1133190_Weiqing_He_L-Arg-2_022410.CEL	6.7963	0	1.8536	0	6.7609	0	0	0	0	0
GSM2026894_L-Glu.CEL	8.0197	0	1.0541	0.16536	5.1586	0.33596	0	0.53302	0	0
GSM187265.CEL	0.40501	6.9967	0	0	6.7517	0	2.1661	0	0.9151	1.3434
GSM1027589_071008gbdR.CEL	5.5214	7.232	0	0	0.28251	0.034417	0	0	0	0
GSM198190.CEL	4.7247	5.2722	0	0	6.7302	0	0	0	0	0
GSM261935.CEL	0	0.47737	1.3836	7.0532	0.90174	0	1.4936	0	0.60123	4.5323
GSM261931.CEL	0	1.0147	1.718	7.724	1.3339	0	0	0	1.0843	5.2256
GSM1027585_071008WT.CEL	6.2341	4.5543	0	0	1.709	0	0	0	0	0
GSM546281.CEL	3.1982	0	5.918	1.5286	5.5163	0	2.4371	0.0034672	0.1132	0.9279
GSM261928.CEL	0	0.79091	0.22205	6.4265	0	1.3083	1.8772	0	0.83833	5.4331
GSM1146022_pJN105_1.CEL	1.5929	1.0663	5.3486	1.9683	4.2038	0	3.0333	1.13	1.1062	0.26887
GSM1027586_062508plcHR.CEL	4.3652	7.3803	0	0	0.26373	0.1147	0.86002	0	0	0
GSM1027588_062508gbdR.CEL	5.4537	7.0287	0	0	0.2356	0	0.048077	0	0	0
GSM198188.CEL	0	5.1666	0.3711	0	6.6403	0	0.2439	0.61061	2.1732	0.69448
GSM156173.CEL	0	1.8705	0	0	8.157	0	0	2.2054	0.48516	2.379
GSM1133189_Weiqing_He_L-Glu-2_022410.CEL	6.8601	0	1.3035	0.18724	5.4841	0	0	0	0	0
GSM1133191_Weiqing_He_D-Glu-2_022410.CEL	8.3057	2.2314	0	0.063448	5.1117	2.7752	0	0	0	0
GSM546265.CEL	0.90301	0.7473	3.0147	6.8568	5.0955	0	0	0.069181	0.072225	2.2789
GSM251204.CEL	7.1984	0	1.2715	1.0376	3.1148	0	1.8525	0	0	0.48644
GSM597221.CEL	0	0	5.5844	5.3236	0.052853	1.9699	0.21942	0	0	4.1496
GSM546280.CEL	4.4935	0	3.2226	1.0977	5.3986	0	1.5933	0.70387	0	4.1937
GSM261922.CEL	0.28221	0	0.081602	7.0608	0.85723	0	0	0	0.42922	5.7981
GSM155244.CEL	3.2995	0	4.774	0.98631	7.062	0	2.0112	0.83277	0	1.8817
GSM261925.CEL	0	1.6438	0.42354	6.9449	0	0.54551	1.0405	0	1.7633	5.0448
GSM567541.CEL	0.19013	0.99594	3.7652	2.7614	2.9548	0.020083	0	0.17388	0	8.5211
GSM198186.CEL	0.59777	5.4082	0	0	7.2448	0.63332	0	0	0	1.7605
GSM546254.CEL	0	0.26396	6.3518	4.3652	6.1356	0	0.43968	0.37376	0.35565	1.4765
GSM551149.CEL	0.82462	3.8424	0	0	0	0.77208	2.7966	0	0.66685	0
GSM261926.CEL	0	0.62118	1.9988	7.452	1.5888	0	0	0	0	5.2185
GSM155241.CEL	3.7619	0	3.2357	0.66723	6.0563	0.93155	0.92041	3.0942	0	3.9625
GSM546256.CEL	0	1.0242	3.5135	6.1609	4.078	0	0	0	0.30664	4.5263
GSM251206.CEL	6.8466	0	1.1977	1.0253	3.903	0	1.9141	0	0	0
GSM155240.CEL	3.334	0	3.4489	0.4249	7.075	0.27636	0.42383	2.9216	0	3.4281
GSM546262.CEL	0.2088	0.93845	3.2617	6.7458	4.8411	0	0	0	0.41007	3.5556
GSM198191.CEL	4.4338	5.8921	0	0	6.0594	0	0	0	0.15285	0
GSM597219.CEL	0.26636	0	3.1695	5.761	0	3.8371	1.4105	0	0	4.7386
0.1_2hr_CSV86(Pae_G1a).CEL	0	0	0	0	3.1923	0	6.9141	3.0659	8.1543	0
GSM261929.CEL	0	1.0737	1.17	7.7202	1.2264	0	0.058897	0	0.12476	5.8127
GSM155231.CEL	2.6311	1.5889	0.69776	0.087805	6.758	0.072572	0.22653	1.0912	0	5.2501
GSM251201.CEL	5.3173	0.74932	1.6464	0.17887	6.1424	0.10642	0.10603	1.1519	0	0
GSM198189.CEL	1.7797	6.6962	0	0	5.9314	0	0	0	0.34896	0
GSM198187.CEL	0.11399	5.9908	0.055136	0	7.7054	0.089906	0	0	0.15155	1.5926
GSM546266.CEL	0	3.4907	3.548	7.2481	3.2256	0	0.014433	0	0.53051	3.6233
GSM1608072_Biofilm+12hrtobra_rep3.CEL	0	1.0936	0.66655	1.5052	0.56548	0	3.6547	0.44488	1.0423	0
GSM562113_Koh_PAK_H2O_2.CEL	0.10841	5.7949	0.27008	4.4573	0.37953	1.0726	3.2083	1.7156	2.2524	0
GSM156175.CEL	0.13926	6.192	0	0	6.6452	1.9022	3.4357	0.62994	1.773	3.2865
GSM1027587_071008plcHR.CEL	4.5711	8.0195	0	0	0	1.0504	0.040226	0	0	0
GSM261932.CEL	0	0	0.94495	6.9771	0.18148	0	0	0	2.3536	3.8862
GSM187266.CEL	0.43061	4.7652	0.13796	0	7.0681	0	1.8163	0	0	0.42304
120330-10978D_22_(Pae_G1a).CEL	2.0077	7.4076	0.036293	2.8337	0.7159	0	0.36511	0	0	0
GSM1608059_Planktonic_1.CEL	5.2754	0.20464	2.1626	0.55759	3.8403	0	0	0	0	0
GSM597330.CEL	0	0.43703	1.3431	6.3422	0	6.6791	2.6604	0.95723	0	4.2765
