	0	1	2	3	4	5	6	7	8	9
GSM743008_PAO1-SC24-b.CEL	9.4644	-4.779	-0.32217	-2.027	0.6905	-1.9198	-2.3055	0.08934	2.9453	1.5329
GSM1112050_PGAS_37_2B.CEL	8.5327	2.6625	-1.8965	-1.2243	-1.1651	-2.2635	-2.6202	0.38062	2.6129	3.2107
GSM743009_PAO1-SC24-c.CEL	5.7116	-4.1838	-1.5642	-0.33682	0.90933	-1.9188	-2.2034	0.38996	3.0343	1.8896
GSM1112047_PGAS_25_2A.CEL	11.208	-2.4495	-0.050491	-3.2605	-0.30545	-1.7014	-2.608	0.33675	2.679	1.4378
GSM743003_PAO1-PC4-c.CEL	1.723	-6.7019	-2.1037	-0.8308	1.8005	-1.3824	-2.5595	0.5818	2.8254	0.94284
GSM743007_PAO1-SC24-a.CEL	5.9965	-4.7424	-1.5236	-0.72492	0.70828	-2.0336	-2.1417	0.18064	3.2542	2.3629
GSM567667.CEL	8.7588	-0.47918	-0.25953	6.9849	0.93968	0.66706	-0.33602	-1.1995	-1.1289	-0.59819
GSM637574.CEL	8.7588	-0.47918	-0.25953	6.9849	0.93968	0.66706	-0.33602	-1.1995	-1.1289	-0.59819
GSM1112046_PGAS_25_1A.CEL	10.017	1.6966	-1.3728	-1.6223	-0.69192	-1.8803	-2.7258	-0.16157	3.7665	2.2395
GSM1112051_PGAS_37_3A.CEL	7.5342	3.8507	-2.0653	-1.1172	-1.7783	-2.0933	-2.6722	-0.71286	2.8029	3.3878
GSM1112049_PGAS_37_1B.CEL	9.218	1.4277	-1.7921	-1.37	-0.54739	-2.1861	-2.5158	0.040355	2.7086	3.197
1_7hr_CSV86(Pae_G1a).CEL	12.337	-4.7498	0.84851	-0.90654	1.6107	-2.2896	0.76054	-0.91062	0.29235	-0.91036
GSM1618385_Wound1.CEL	11.213	-3.6514	0.47304	-0.57908	0.28132	0.23799	-1.5622	-0.39581	1.0045	0.6231
GSM743005_PAO1-PC24-b.CEL	3.2981	-5.5154	-2.079	0.17684	1.1822	-2.4725	-1.6115	0.40278	4.0902	1.8105
GSM1112048_PGAS_25_4A.CEL	10.06	0.76865	-0.96162	-2.1284	-0.46648	-2.2393	-2.5056	-0.67051	3.6532	2.6044
GSM743001_PAO1-PC4-a.CEL	2.1803	-5.4262	-2.4745	-1.9656	1.8667	-0.71531	-2.7466	1.2288	2.6134	0.9717
MBU_PAER_PT51.CEL	4.3799	0.044269	-1.9228	-1.4182	-0.36803	-2.8808	-2.7736	-0.97827	0.79291	5.277
GSM562110_PAK_GI_colonization_4_6-9-04.CEL	-0.87556	-3.5926	-2.0041	-0.87613	-0.88544	2.0406	-0.051782	0.46412	0.75101	-0.06458
GSM637591.CEL	3.2547	-5.9701	-1.3096	7.4758	1.1738	2.0548	-2.461	0.42015	-1.5407	1.0028
0.1_7hr_CSV86(Pae_G1a).CEL	12.509	-4.8673	0.57415	-0.40909	2.05	-1.9921	0.77472	-0.9326	-0.040815	-0.75973
GSM567675.CEL	8.4298	-4.1329	-0.77444	9.3032	1.8266	0.062219	-1.3364	0.57474	-1.5938	-0.42525
GSM954580_Nomura_PA2449-1_Pae_G1a_.CEL	2.824	2.1014	-1.5256	-0.47732	-0.67673	-1.9455	-2.8786	-0.29718	2.6818	-0.34373
GSM1306128_Nomura_PAO1_KG-1_Pae_G1a_.CEL	2.2091	-6.0321	-1.944	-0.77029	2.4956	-1.7544	-2.6318	-0.52687	2.8584	1.0893
GSM637573.CEL	9.1728	-0.86452	0.039975	6.0529	0.94539	0.73366	-0.48042	-1.0948	-1.1122	-0.31319
GSM567666.CEL	9.1728	-0.86452	0.039975	6.0529	0.94539	0.73366	-0.48042	-1.0948	-1.1122	-0.31319
1_12hr_CSV86(Pae_G1a).CEL	12.29	-4.1419	0.59138	-0.92845	1.553	-2.3609	0.77552	-0.75779	-0.21683	-0.71142
GSM567670.CEL	7.779	-5.4543	0.38831	5.8701	2.3268	1.7455	0.98523	-1.0476	-2.6509	-0.82798
Pae_Fe02_13.CEL	13.015	-4.59	-0.56041	5.0438	4.2991	-0.056992	0.080393	-0.35918	-1.0964	-0.76033
GSM994500_HM4-replicate-02.CEL	5.6102	-2.3164	-0.17857	8.4079	1.5542	3.5927	-1.5921	2.2481	-0.67377	-0.8857
GSM637592.CEL	2.572	-5.8971	-1.2919	7.5589	0.96976	2.014	-2.4013	0.54643	-1.5772	1.1027
GSM637587.CEL	8.1042	-2.1211	-1.3318	8.0411	0.98236	1.7089	-1.7001	-0.8317	-1.3615	0.97787
GSM567688.CEL	8.1042	-2.1211	-1.3318	8.0411	0.98236	1.7089	-1.7001	-0.8317	-1.3615	0.97787
GSM637588.CEL	7.9774	-2.2526	-1.4388	8.4032	1.1995	1.6589	-1.7936	-0.79723	-1.1524	0.98973
GSM567689.CEL	7.9774	-2.2526	-1.4388	8.4032	1.1995	1.6589	-1.7936	-0.79723	-1.1524	0.98973
GSM743006_PAO1-PC24-c.CEL	3.2805	-5.5128	-2.2032	0.34916	1.2327	-2.4734	-1.429	0.37258	3.9065	1.6865
GSM954582_Nomura_PA2449-3_Pae_G1a_.CEL	-0.12789	4.0967	-2.0985	0.55818	-1.7546	-2.6728	-1.4422	0.095996	1.62	-1.5125
GSM743004_PAO1-PC24-a.CEL	3.3692	-5.7535	-1.7326	0.027744	0.91124	-2.3024	-1.5756	0.35338	3.7968	1.7598
1_9hr_CSV86(Pae_G1a).CEL	11.867	-4.2402	0.73225	-0.97879	1.7537	-2.2983	0.78445	-0.96044	-0.17242	-1.1163
GSM807327.CEL	10.878	-5.3137	0.61637	-0.6636	2.2092	-0.35282	-1.8736	-0.21774	2.4403	0.61193
Pae_Fe02_15.CEL	12.594	-3.8841	-0.78908	4.423	3.9568	-0.26948	0.017229	-0.084498	-1.0058	-0.44315
Pae_Fe02_14.CEL	12.716	-4.335	-0.61446	4.704	3.8265	0.20486	-0.016024	-0.47727	-1.0052	-0.76132
GSM567695.CEL	8.2526	-3.044	-1.1089	9.0373	1.6048	0.033943	-0.70424	0.95393	-1.4873	-0.28397
GSM856031_PA01.CEL	6.0971	0.45543	-2.5783	-3.0977	-0.3224	0.2584	-2.0973	1.5002	2.2847	-0.1905
GSM994499_HM4-replicate-01.CEL	5.563	-2.3357	-0.23461	8.2992	1.4977	3.6663	-1.7094	2.2468	-0.67642	-0.84838
Overhage10003_Pae_G1a.CEL	1.1559	-0.20257	-0.92252	3.3345	-3.2293	-3.2976	0.47151	1.707	0.17264	-3.7986
Pae_noFe_10.CEL	11.754	-3.1216	-0.58329	4.8076	3.1499	-0.51347	0.10351	-0.5544	-1.5185	0.68136
1_6hr_CSV86(Pae_G1a).CEL	12.048	-4.8232	0.57698	-1.0153	1.3743	-1.9309	1.0097	-0.75283	-0.67302	-0.89588
GSM743002_PAO1-PC4-b.CEL	3.1537	-5.613	-1.9717	-2.0971	1.8179	-1.0546	-2.8224	0.82839	2.7765	1.0483
GSM994501_HM4-replicate-03.CEL	6.2812	-2.5394	-0.16516	8.2759	1.7396	3.6177	-1.6762	2.154	-0.84529	-0.84245
GSM1244969_PAO1-22-replicate-03.CEL	5.643	3.8826	-3.3303	6.8846	3.0576	2.3808	-2.0213	-1.9154	-1.0424	-0.89824
Overhage10004_Pae_G1a.CEL	1.7309	-0.44435	-0.7289	3.0999	-2.9864	-3.0855	0.29426	1.6128	0.19694	-3.5157
GSM954583_Nomura_PA2449-4_Pae_G1a_.CEL	1.2195	3.1766	-1.5732	-0.11236	-1.7271	-2.1518	-1.6443	-0.037964	1.8258	-0.93803
2mM_CF600.CEL	12.446	-4.5302	0.6225	-0.54759	2.1103	-2.2346	0.56414	-0.75431	0.0073035	-1.0576
GSM567668.CEL	9.1773	-4.3702	0.10526	5.5298	2.0279	0.76694	-0.20492	-0.17356	-0.97037	-0.42139
GSM637583.CEL	9.1773	-4.3702	0.10526	5.5298	2.0279	0.76694	-0.20492	-0.17356	-0.97037	-0.42139
GSM741207.CEL	2.423	7.922	-2.6087	4.6176	-5.514	-4.7121	-0.19461	2.4769	-1.6883	-0.43394
GSM954581_Nomura_PA2449-2_Pae_G1a_.CEL	0.2904	3.882	-1.7934	0.59161	-1.7078	-2.7868	-1.5711	0.4003	1.6422	-1.4168
GSM807324.CEL	11.692	-5.3044	0.11467	-0.11139	2.6715	-0.98694	-1.1752	-0.42929	2.2112	0.062331
GSM741208.CEL	3.0072	8.8178	-2.6938	4.2869	-5.3839	-4.651	-0.48827	2.3258	-1.8148	-0.41795
GSM637584.CEL	8.6428	-4.2095	-0.088182	5.3559	1.731	0.71721	-0.0063263	-0.1157	-0.83892	-0.30941
GSM567669.CEL	8.6428	-4.2095	-0.088182	5.3559	1.731	0.71721	-0.0063263	-0.1157	-0.83892	-0.30941
