	0	1	2	3	4	5	6	7	8	9
GSM954579_Nomura_PA01-4_Pae_G1a_.CEL	0	0.027519	0	4.2385	1.002	6.2713	2.337	0	0	7.5957
GSM567682.CEL	0	0	0	0	0.33226	0	7.9149	0.87237	0	0
GSM637595.CEL	0	0	0	0	0.33226	0	7.9149	0.87237	0	0
GSM617295.CEL	0	0	3.9339	0	0	2.3172	3.1588	3.3851	0.9188	3.8673
MBU_JGOLD_PAO11.CEL	0	0	0	0	1.3239	8.7798	3.9828	1.03	0	0
anaerobic_NO3_2.CEL	0	0	6.4236	0	0	8.0886	3.7157	1.2376	0.24616	3.9005
GSM838212_PAO1-LB-1_Pae_G1a.CEL	0.43057	0	0.68297	0	0	5.036	1.9147	4.5878	3.9225	4.9041
GSM954578_Nomura_PA01-3_Pae_G1a_.CEL	0	0	0	4.3989	0.78456	6.3652	2.6258	0	0	7.9598
GSM821499.CEL	2.7363	0	0	0	0	6.4736	0	3.5453	0	7.0451
GSM864519.CEL	0.054175	0	0.25586	0	0.1275	3.8524	4.5038	3.0158	1.9684	2.3794
GSM541647.CEL	0.032336	0	2.777	0.87131	2.994	4.3136	2.5604	2.0961	0	0
GSM838213_PAO1-LB-2_Pae_G1a.CEL	0.14626	0	1.139	0	0	5.0197	2.3731	4.7189	3.4778	5.2116
GSM1608070_Biofilm+12hrtobra_rep1.CEL	0.1295	3.7156	0.93119	0.26716	2.6676	2.688	3.2288	0	0	0
GSM1244969_PAO1-22-replicate-03.CEL	0	0	0	0	0	0.76053	8.4473	1.0407	0	6.9928
GSM546258.CEL	6.4592	2.8544	8.3444	0.85612	0	0.035551	0.26226	0.68278	0	0.36944
GSM617296.CEL	0	0	4.3572	0	0	2.9666	2.4176	4.7191	1.7455	4.0232
GSM954581_Nomura_PA2449-2_Pae_G1a_.CEL	0.21647	0	0	7.8725	1.0835	5.5582	2.432	0	0	6.2859
GSM821503.CEL	3.7211	1.6814	0	1.6354	0.22267	4.6125	0.060071	2.8495	0	4.6505
GSM685450.CEL	0	0	0	0	0.1782	0	7.4414	1.334	0	2.9429
GSM573327.CEL	5.2757	0	0	3.2469	0	7.6928	4.8363	7.4488	0	0
GSM663169_BM-Mix-Pa_2_6-6-08_s1.CEL	4.7165	0	0.94468	4.3537	1.5075	5.4477	0	4.5553	0	2.5739
GSM740020.CEL	0.50059	0.11453	6.3472	0	0	1.5732	1.3662	1.2631	1.3975	8.522
GSM546256.CEL	5.7845	1.877	7.8287	0.77985	0	0.63782	0.21729	1.0163	0	0.61764
GSM821496.CEL	3.0087	0	0	0	0.081727	6.7103	0	3.3299	0	7.4898
GSM349047.CEL	0.36582	0.13548	6.2621	0	0	1.39	0.51787	1.3521	0.98921	8.1372
GSM261925.CEL	0.492	0.22859	8.9843	0	0	3.8489	0	1.2838	0	0.022126
GSM637582.CEL	0	0.049517	0.87592	0	1.0323	0.92273	7.5369	0	0	2.2204
GSM318716.CEL	0	0	5.9918	0	0	1.6589	0.088636	1.6637	0.32766	7.5382
GSM349045.CEL	0.57482	0.27763	5.7749	0	0	1.265	0.19363	1.6974	0.11986	7.636
GSM821501.CEL	4.1184	1.6039	0	1.5892	0	5.1862	0	3.1324	0	5.2059
GSM821502.CEL	3.8962	1.3178	0	1.1035	0.039424	5.4706	0	3.169	0	5.4009
GSM637579.CEL	0	0.094019	0.48053	0.54532	0.29481	1.8224	8.6206	0	0	1.9863
MBU_JGOLD_PAO12.CEL	0	0	0	0	2.3807	8.2288	3.9498	0.34992	0	0
GSM897995_MHH0094_Pae_G1a.CEL	0	0	4.3321	0.7062	0	6.2329	1.6581	5.6365	1.7413	0
GSM541643.CEL	0.39649	0.12285	4.9316	0.1501	0	6.5388	1.5544	5.436	2.1578	0.5375
GSM994496_PAO1-replicate-01.CEL	0	0	0	0	0	0	8.5554	3.0426	0	6.8326
GSM1244970_PAO1-37-replicate-01.CEL	0	0	0	0	0	0	8.5554	3.0426	0	6.8326
GSM546266.CEL	3.8734	3.1162	8.4421	0.17882	0	1.8824	1.2994	0.12727	0	0.17074
GSM864520.CEL	0	0	0	0	0	3.8343	5.573	3.6091	2.5026	2.8848
GSM994497_PAO1-replicate-02.CEL	0	0	0	0	0	0	8.6641	3.0655	0	6.8473
GSM1244971_PAO1-37-replicate-02.CEL	0	0	0	0	0	0	8.6641	3.0655	0	6.8473
GSM741214.CEL	0	0	0	0	0	11.654	5.3369	0.08481	0	0
GSM741203.CEL	4.0184	0	0	0.97578	0	10.021	5.7213	0.091335	2.7437	2.0075
aerobic_NO3_1.CEL	3.9312	0.38588	7.056	0	0.52355	0.64445	0.55568	0	0	5.3488
GSM897996_MHH0095_Pae_G1a.CEL	0	0.0058335	4.382	0.76125	0	6.5581	1.7217	5.588	1.8136	0
GSM1244972_PAO1-37-replicate-03.CEL	0	0	0	0	0	0	8.5788	2.6131	0	6.491
GSM994498_PAO1-replicate-03.CEL	0	0	0	0	0	0	8.5788	2.6131	0	6.491
GSM741212.CEL	0	0	0	0	0	10.961	4.9621	0	0	0
GSM741211.CEL	0	0	0	0	0	11.248	5.3859	0.21445	0.17503	0
GSM741209.CEL	0.12524	0	0	0	0	11.938	5.8238	0.40193	0.27374	0
GSM741210.CEL	0.047668	0	0	0	0	11.638	5.9407	0.098092	0.073656	0
GSM637581.CEL	0	0.069197	1.075	0	0.80291	0.95696	7.5736	0	0	2.5464
GSM741204.CEL	3.8734	0	0	0.98605	0	10.301	5.7818	0.18739	2.6109	1.9934
GSM741208.CEL	3.8302	0	0	0.57211	0	10.389	6.2221	0.003337	2.6187	2.1763
GSM741205.CEL	3.0878	0	0	0.41906	0	10.156	6.0261	0.203	2.7507	1.7254
GSM741213.CEL	0	0	0	0	0	11.598	5.2176	0	0	0
GSM637575.CEL	0	0	0	0	1.1263	1.9043	9.0697	0.11161	0	2.4208
GSM567676.CEL	0	0	0	0	1.1263	1.9043	9.0697	0.11161	0	2.4208
GSM741207.CEL	4.0676	0	0	0.73766	0	9.6785	6.7841	0	3.1384	2.108
GSM741206.CEL	3.7433	0	0	0.45007	0	10.124	6.8468	0	2.9999	1.9994
