	0	1	2	3	4	5	6	7	8	9
GSM1027584_062508WT.CEL	1.2187	0	3.1301	0.98997	3.8543	1.1088	0.17407	0	3.4821	0
GSM155245.CEL	1.7878	1.0157	7.4763	4.3336	1.376	0	0.49713	0	0	1.0585
GSM663170_Pa_label_cDNA_5-13-08_s2.CEL	1.0916	0.24278	3.1738	2.9891	2.9567	2.8842	0.21158	0	0	0
GSM261938.CEL	0.32715	6.7475	0.74178	0	0	5.3024	2.3392	0	0	0
GSM567543.CEL	4.6396	3.4012	4.3406	0	3.4117	3.7298	0.55566	0	0	0
GSM155242.CEL	4.1813	0.35913	7.007	3.4497	1.933	0.46334	0.36023	0	0.049858	1.6745
GSM1133187_Weiqing_He_L-Arg-1_021810.CEL	3.3328	0.16467	4.7534	3.4105	6.0205	0	0.43114	0	0	0
GSM155243.CEL	4.0303	1.0223	4.9797	5.6155	3.7693	2.0076	0.17626	0	0.26483	2.259
GSM1133190_Weiqing_He_L-Arg-2_022410.CEL	0.32614	0.44312	6.7068	3.3584	6.7726	0	1.3292	0	0	0
GSM2026894_L-Glu.CEL	3.0524	0	6.2236	2.8236	7.1075	0	0.90197	0.036123	0	0
GSM187265.CEL	0	0.52673	0	7.7923	4.0049	0	0.60054	0	4.9379	0.59832
GSM1027589_071008gbdR.CEL	0	0.15709	3.8619	0	6.4568	0	0	0	5.3531	0
GSM198190.CEL	0	0	2.9064	5.5607	6.584	0	0.10418	0	2.5102	0
GSM261935.CEL	0.26383	6.5371	0.89457	0	0	4.8844	2.8295	0.41567	0	0
GSM261931.CEL	0	7.5454	1.1047	0	0	5.6419	1.7787	0.759	0.10061	0
GSM1027585_071008WT.CEL	0	0	4.4616	0.21818	5.6252	0.55153	0	0	3.1077	0
GSM546281.CEL	0.00090957	1.7317	7.4793	2.5556	0.76202	0	0.24546	0	0	0
GSM261928.CEL	0.032378	6.6494	0.076994	0	0	7.0853	2.0511	1.5506	2.9959	0
GSM1146022_pJN105_1.CEL	1.2991	1.9756	5.5881	3.4533	1.332	0	3.2624	0	0.086491	0
GSM1027586_062508plcHR.CEL	0	0.11893	3.3377	0.07626	5.2308	0	0.11054	0	5.4677	0
GSM1027588_062508gbdR.CEL	0	0	3.7961	0	5.8433	0	0	0	5.415	0
GSM198188.CEL	0	0.89077	0	6.3502	4.1519	0	0.31213	0	2.5931	1.5266
GSM156173.CEL	0	3.4415	0	8.1596	4.4659	0.59104	0.2497	0.098475	0	3.0565
GSM1133189_Weiqing_He_L-Glu-2_022410.CEL	2.3738	0.23898	5.8163	4.5445	5.9708	0	1.0632	0.0011929	0	0
GSM1133191_Weiqing_He_D-Glu-2_022410.CEL	0	0	4.2619	1.2325	8.4641	0	0.093528	0	0.84531	0
GSM546265.CEL	0.1636	6.5275	3.2998	0	1.4894	0.23063	0.018834	0	0	0
GSM251204.CEL	4.033	0.21208	4.5752	4.3047	3.7041	0	0.88136	0	0	0
GSM597221.CEL	2.1039	4.5424	4.4513	0	0	4.9969	0.43877	0	0	3.3987
GSM546280.CEL	2.9751	1.3562	5.7471	4.8527	2.4686	1.8667	0.25929	0	0	0.72927
GSM261922.CEL	1.5228	6.7583	0.31156	0.54606	0	6.2997	2.5098	0.61106	0.30306	0
GSM155244.CEL	0.93697	1.4872	6.7215	4.7749	1.6256	0	0.52387	0	0	0.89675
GSM261925.CEL	0	6.7766	0.23488	0	0	6.8249	1.8187	1.9823	2.1366	0
GSM567541.CEL	4.5611	3.311	4.2282	0.13683	3.6453	3.5563	0.52352	0	0	0
GSM198186.CEL	0	0.13196	0	8.091	6.0037	2.0993	0	0	2.5706	1.2979
GSM546254.CEL	0.0081329	4.4886	7.0353	0.46182	0.788	0	0.25752	0	0	0
GSM551149.CEL	1.0708	0.93543	0.33641	1.583	0	1.6416	0	2.7939	5.3469	0
GSM261926.CEL	0	6.6006	1.5843	0	0	5.4212	1.5421	0	0	0
GSM155241.CEL	2.8671	0.16217	5.8927	2.1944	3.2536	1.0758	0.34732	0	0.21504	3.1948
GSM546256.CEL	0	5.875	3.7944	0	2.6625	3.4583	0.001844	0	0	0
GSM251206.CEL	2.7937	0.20006	4.7808	4.7636	3.9179	0	1.1703	0	0	0
GSM155240.CEL	1.9698	0.60251	6.0778	4.0168	3.162	0.31301	0.44423	0	0.082779	3.4003
GSM546262.CEL	0.12338	6.8323	3.348	0	2.1781	1.8441	0.14123	0	0	0
GSM198191.CEL	0	0.078366	2.7022	4.7725	6.3996	0	0.23988	0	3.2625	0
GSM597219.CEL	3.884	3.5964	2.1752	0	0	6.3865	0.17504	0	0	4.1695
0.1_2hr_CSV86(Pae_G1a).CEL	0	0	0	1.0913	1.3229	0	6.092	7.296	0	1.4134
GSM261929.CEL	0	7.5164	0.72762	0	0	5.6113	1.8084	0	0.95076	0
GSM155231.CEL	3.6292	1.0249	2.3001	7.2161	4.0325	2.369	0	0	0.91792	3.2443
GSM251201.CEL	0.66082	0	5.1865	2.8006	5.7433	0	1.5517	0	0	0.41536
GSM198189.CEL	0	0.36493	0.53745	6.0767	5.3824	0	0.20015	0	4.6576	0
GSM198187.CEL	0	0.10596	0	8.0489	6.262	0.6989	0.21178	0	2.8578	1.4447
GSM546266.CEL	0	7.3225	2.4808	0	2.5618	2.6769	0.38354	0	0.64913	0
GSM1608072_Biofilm+12hrtobra_rep3.CEL	0	3.1395	0	3.8758	0	0	0.079451	3.4954	2.5023	0
GSM562113_Koh_PAK_H2O_2.CEL	0	3.8792	0	0	0	0	1.1992	1.1091	5.8871	3.3267
GSM156175.CEL	1.0346	1.5831	0	7.1965	3.2088	4.5783	0	0	6.5266	0
GSM1027587_071008plcHR.CEL	0	0.39535	3.3989	0	5.8405	0.57465	0	0	6.6583	0.28512
GSM261932.CEL	0	6.9268	0.58563	0	0	4.73	1.6473	3.3225	0	0
GSM187266.CEL	0	2.1819	0.1725	8.5011	4.795	0	1.5408	0.0050067	2.2822	0
120330-10978D_22_(Pae_G1a).CEL	0	3.8554	0.22623	0.023122	2.9959	0	0	0	6.6185	0.1222
GSM1608059_Planktonic_1.CEL	0	0.45899	4.9488	2.9629	4.3154	0	0	0.24813	0	0
GSM597330.CEL	2.3896	3.3868	0.48596	0.30304	0	7.867	0.69739	0	3.0678	5.8084
