	0	1	2	3	4	5	6	7	8	9
GSM1421000_dnr_NO1.CEL	0.15019	0.17773	1.0772	0.24381	5.2898	0	0	7.318	0	1.3886
GSM774151_B38-2M_1.CEL	6.9753	0.12865	0	0.256	0	1.6933	3.0481	5.5716	0.82564	0
AKGlu_plus_nt_7-8-09_s1.CEL	6.5564	0.17534	0.29297	2.738	2.9762	0.69332	0	4.5256	4.3227	0
GSM432865.CEL	1.2221	0.35677	0.40145	0	6.269	0.24508	0	6.2287	0.2444	2.7524
GSM774133_B6-0_1.CEL	3.1839	0.037836	0.13445	0.34264	3.8552	0.72188	0	7.4864	0	2.663
GSM1420998_dnr_control1.CEL	0	0.25075	2.0881	0.063406	4.8772	0	0	7.0286	0	1.372
GSM546278.CEL	6.7892	0.20167	0.56399	1.5415	4.8013	0	0	5.6871	0.30185	0
PA14_cDNA_labeled_4-09-08_S2.CEL	6.7892	0.20167	0.56399	1.5415	4.8013	0	0	5.6871	0.30185	0
GSM774152_B38-2M_2.CEL	6.5952	0.16813	0	0.23894	0	1.77	2.8303	5.1033	0.83619	0
GSM774112_CF173-2005a.CEL	7.1569	0	0.46817	0.090746	0	4.9417	0.041489	3.8438	0	3.9458
GSM740020.CEL	6.7677	0.063326	0.95656	6.1849	0.14233	0.34539	2.3507	0.39742	3.6837	0
GSM774153_B38-2M_3.CEL	6.7517	0.16271	0	0.20412	0	1.7179	3.0306	5.157	0.94623	0
GSM774135_B6-0_3.CEL	3.0968	0.038006	0.095957	0.54618	3.5055	0.4315	0	7.6319	0	3.0154
GSM774138_B6-4_3.CEL	2.9103	0.037964	0.060204	0.44815	3.9646	0.47234	0	7.2478	0	2.8508
GSM774130_CF333-2007a.CEL	7.2571	0	0.34176	0.014256	0	5.4074	0	2.8482	0	4.1273
GSM774154_B38-2NM_1.CEL	5.1103	0.10155	0.3535	1.8581	3.4982	0	0	5.1934	0	1.2074
GSM774149_B38-1_2.CEL	5.0414	0.09918	0.20496	1.6769	4.6164	0	0	5.1025	0	1.5409
GSM432860.CEL	0.2901	0.17126	4.1856	0	5.1674	0.13763	0	5.9582	0.035648	1.8582
GSM774157_B38-6M_1.CEL	6.7633	0.24568	0	0.096116	0	1.7145	3.0369	5.0841	0.94167	0
GSM546277.CEL	5.5637	0.34287	0	0	0	3.3292	2.7187	5.6019	0.56064	0
GSM774158_B38-6M_2.CEL	6.691	0.34886	0	0.27634	0	1.7966	3.0084	4.9486	1.1473	0
GSM774118_CF333-1991a.CEL	6.5447	0	0	0	0	4.764	0	4.0292	0	4.4631
GSM774156_B38-2NM_3.CEL	5.5802	0.071487	0.40886	2.2899	3.2405	0	0	5.3616	0.0090044	1.3828
GSM774150_B38-1_3.CEL	5.028	0.1353	0.2295	1.6343	4.5182	0	0	5.302	0	1.6676
GSM774093_CF66-1973c.CEL	6.1004	0	0.031688	0.092094	2.2623	3.8093	0	3.686	0	4.2094
Overhage13003_(Pae_G1a).CEL	8.244	0.33627	0	4.0901	1.4791	0.65022	0.33779	0.2969	6.0489	0
Overhage3005_(Pae_G1a).CEL	5.9866	0.20712	0	4.0245	2.6616	0.44973	0.6667	0.44249	6.017	0
GSM462353.CEL	6.6797	0	0	3.8007	2.3255	0.29435	0.32725	2.1223	5.7906	0
GSM774155_B38-2NM_2.CEL	5.3863	0.094145	0.14725	2.1747	3.3045	0	0	5.323	0	1.4557
MSC_01.CEL	0.81875	0.092279	0.62508	0.31557	6.6718	0	0	6.8732	0	1.3781
GSM717419.CEL	0	0.20573	0.40256	2.822	2.6249	0	1.0125	1.9709	5.8872	0
GSM1420990_PAO1_control1.CEL	0.033824	0.29043	1.8011	0.0033731	4.9765	0	0	6.8704	0	1.6906
GSM462354.CEL	6.6853	0.060113	4.4216	4.8608	0.24672	0.13415	0.29063	0.85049	1.8199	0
Overhage13001_(Pae_G1a).CEL	7.2017	0.1366	0	3.8227	3.4081	0.52409	0	0	5.8256	0
GSM252560.CEL	5.3766	0.056237	1.7951	5.2212	1.8469	0	3.8372	0	2.3501	1.6508
GSM774089_CF43-1973b.CEL	5.7091	0.16085	0.12823	0	3.5071	2.2077	0	4.689	0	2.9168
GSM774087_CF30-1979c.CEL	6.889	0	0.066697	0	0	4.664	0	4.5532	0	4.0787
GSM774086_CF30-1979b.CEL	6.4189	0	0	0	0	4.5562	0	4.4872	0	4.6832
GSM432861.CEL	0.29272	0.17904	3.3369	0	5.7989	0.07748	0	5.799	0.022687	1.7288
GSM1237738_M9_PAOSX_3_51059600653060050411410396750359.CEL	0.19126	0.32228	5.0863	1.5673	3.5576	0.15924	0	0.25458	6.337	0
GSM774090_CF43-1973c.CEL	5.5294	0.031677	0.21816	0	3.5524	2.2843	0	5.2605	0	2.9648
GSM774148_B38-1_1.CEL	4.9872	0.066532	0.26038	1.5613	4.1386	0	0	5.0749	0	1.501
GSM1421007_fhpR_control2.CEL	0.096709	0.2657	2.8117	0.16911	5.0225	0	0	6.6812	0	0.95915
GSM774159_B38-6M_3.CEL	6.5787	0.14086	0	0.34299	0	1.837	2.9372	4.9617	1.101	0
GSM1246484_PA14bvlR_pMEbvlR_rep1.CEL	5.9838	0.18555	1.9871	4.0781	2.2567	0	0	4.0356	0.30787	0
GSM546258.CEL	4.9827	0.20793	0.29157	2.5907	1.1603	3.9584	0.13066	6.5977	0.9322	0
GSM740019.CEL	6.3903	0	0.2416	6.1571	1.1311	0.076786	1.6926	0	3.6779	0
GSM366976.CEL	6.5781	0	0	6.1656	3.4271	0	2.4567	0	4.7058	0.63913
Overhage13004_(Pae_G1a).CEL	7.1535	0.39466	0	3.4906	1.4834	0.80097	0.29345	0	5.6531	0
HH-PA14_7-6-09_7-8-09_s1.CEL	5.9579	0.23861	0.54278	1.0644	4.4447	0	0	5.6692	0.044945	0
GSM546279.CEL	5.9579	0.23861	0.54278	1.0644	4.4447	0	0	5.6692	0.044945	0
GPphhRminus_11-4-09_s2.CEL	5.6248	0.16248	1.5963	0.57315	4.8213	0	0	4.8598	0.70466	0
GSM318716.CEL	6.349	0.093721	0.86297	5.5931	0	0	1.9309	0	2.2104	0
GSM432864.CEL	1.1543	0.32789	0.49003	0.044567	6.381	0.006307	0	6.2161	0.10806	2.5915
GSM432871.CEL	0	0.12325	2.9541	6.0275	0.18182	0.74576	0	1.4699	2.2237	0.10447
GSM774100_CF105-1973a.CEL	6.0748	0.01064	0.11254	0	4.1445	1.9833	0	4.9782	0.079253	3.6149
GSM1421003_EXdnr_control2.CEL	0.57367	0.26432	0.46842	0.17427	4.5355	0	0	7.3119	0	1.94
GSM774088_CF43-1973a.CEL	5.8318	0.033473	0.021382	0	3.2907	2.3321	0	4.4332	0	2.6969
GSM641846.CEL	1.7424	0.21243	0	0	6.3294	0.71329	0	5.947	1.2389	1.2481
Overhage5001_Pae_G1a.CEL	0	0.29611	2.185	4.9091	0	1.6604	1.0041	5.1728	3.4476	0.51887
