	0	1	2	3	4	5	6	7	8	9
GSM711452.CEL	2.734	0	8.3973	0	1.862	8.795	0.86949	0.32189	0.47737	0.13859
GSM2070498_OCio-03-Pao1-B-D94-3-Pae_G1a-a1.CEL	2.9402	0	0.09239	0	0	7.8246	0	0	0	0
GSM1177847_PAO1-AMV-3.CEL	2.3809	6.1913	6.7472	0	0	0.93339	0	0	0	0.20778
GSM197237.CEL	5.2888	0.89554	0.85268	0	0.095828	3.4074	0	0.063509	0	0
GSM1027588_062508gbdR.CEL	0.053124	4.6455	5.0836	4.8856	0	1.5082	5.6479	0	0.20446	0.03807
GSM573322.CEL	0	1.7202	8.135	2.7105	0	5.7145	5.0044	0.47282	0.3002	0.084476
GSM741205.CEL	0	0	11.051	0.49098	0.7008	0.42034	0	0	0.038282	0
GSM864516.CEL	3.8131	0.40244	5.6716	0	0	0.071584	0	4.2564	0.57099	0
GSM1133191_Weiqing_He_D-Glu-2_022410.CEL	0.72966	5.9558	2.0746	0.71659	0	1.8312	8.3217	0	0.2188	0
GSM254432.CEL	6.2771	2.2777	3.3799	0	0.11202	2.4871	0	0	0	0
GSM1027584_062508WT.CEL	1.6457	3.1551	2.0435	4.2542	0	3.654	4.0598	0	0	0.82285
GSM573323.CEL	0.96285	2.1799	7.2237	3.5551	0	4.5116	4.9583	0.58384	0.30286	0.11956
GSM1027586_062508plcHR.CEL	0.54153	3.8116	5.0708	4.8984	0	0.24658	4.6824	0.091413	0.21205	0
Overhage13003_(Pae_G1a).CEL	0	9.4547	0.045363	0	0.7425	0.30707	0	0.19135	0	0.29885
GSM560757.CEL	3.5391	0	2.1627	2.5546	0	1.9913	0	0.61487	0	6.5476
GSM177216.CEL	5.5982	1.7884	2.4416	0	0	2.8226	0.20546	0.072387	0.19489	0
GSM741209.CEL	0	0	11.651	4.8243	0.6767	0.75928	0	0.57846	0.17798	0
GSM537321.CEL	0	0	0	7.5498	2.799	0	4.0487	0	1.1516	5.813
GSM711450.CEL	3.0134	0	7.8466	0	1.9118	8.4444	0.82816	0.71143	0.58399	0.039335
GSM741203.CEL	0	0	10.861	0	0.19509	0.21582	0.16207	0.057993	0	0
GSM738261.CEL	1.4941	1.5017	7.6137	1.9259	0	0	0	0.90928	0.047052	0
GSM740019.CEL	0.84889	8.2588	0.74632	2.2964	0	0.3405	0	0	0.20521	0
GSM738263.CEL	1.3359	1.4342	7.5685	2.0232	0	0	0	0.77477	0.042501	0
GSM1267103_HZI1969_Pae_G1a.CEL	4.6137	7.7728	1.9191	0	0	0.34275	5.8811	0	0.05825	1.604
GSM711454.CEL	0.48176	0	6.178	0	1.2225	8.1292	3.3011	0	1.0934	0
GSM738262.CEL	1.3358	1.651	7.8507	2.0263	0	0	0	0.87694	0.05595	0
GSM864518.CEL	2.8678	0	4.9617	0	0	0	0	3.0814	0.26425	0.37554
GSM711446.CEL	4.2013	0	8.0683	0	1.5399	7.6453	0.26714	0	0.43422	0.11671
GSM1177844_PAO1-3.CEL	2.8203	7.2644	7.669	0	0	0.60542	0	0	0	0.36919
GSM711453.CEL	0.17706	0	5.9937	0	1.3641	8.537	3.6383	0	0.97734	0
GSM864517.CEL	3.753	0.30698	5.6681	0	0	0	0	4.2357	0.40341	0
GSM567541.CEL	2.5092	1.4202	0.52205	0	0	6.0466	2.8899	1.0968	0.72039	0
GSM199982.CEL	7.7785	3.6853	0	2.0258	0.10348	0.9499	0	0	0	1.3959
GSM821089_HZI0144_Pae_G1a.CEL	3.9672	3.7829	7.4078	1.708	0	0	0	0.30764	0	0
GSM92183.CEL	6.7057	2.9995	2.6794	0	0.33016	4.5239	0.12218	0.37064	0.26606	0
GSM567543.CEL	2.3949	1.5964	0.32996	0	0	6.1765	2.7931	0.95115	0.70556	0
GSM711455.CEL	0.30889	0	6.2107	0	1.3392	8.2465	2.9354	0	0.98662	0
GSM2070505_OCio-10-MutS-B-Cip-D94-1-Pae_G1a-a1.CEL	0	0	0.17956	0.128	0	9.1285	0	0	0	0
GSM821495.CEL	7.42	3.3683	0.8769	2.3787	0.1902	0	0.12826	0	0	0.59425
GSM741204.CEL	0	0	11.066	0	0.24788	0.18547	0.11355	0.10829	0	0
GSM591496.CEL	3.2964	7.566	0	2.7415	0.12877	5.7499	0	2.0994	2.1838	0.2814
GSM864520.CEL	2.2514	0	6.5803	0	1.7494	2.811	0	0	0.51623	0
GSM2070500_OCio-05-Pao1-B-Cip-D94-2-Pae_G1a-a1.CEL	0	0	0	0.21905	0	9.5922	0	0	0.082266	0
GSM821500.CEL	7.5414	3.6814	2.2387	2.8839	0.29799	0	0	0.21688	0.0041815	0.43939
GSM842849_Wright_11_4203-stat-2_Pae_G1a.CEL	1.6552	0	7.3299	0	0.52118	0.48102	5.3654	0	1.1843	0.16157
GSM199985.CEL	7.3938	1.7735	0	1.3692	0.20125	1.4901	0	0	0.55111	2.4236
GSM767705.CEL	1.3607	5.8515	7.7783	0	0	0.37292	0	0	0	0.95597
GSM2070502_OCio-07-MutS-B-D94-1-Pae_G1a-a1.CEL	0	0	0	0.66702	0	9.6481	0	0	0	0
GSM2070507_OCio-12-MutS-B-Cip-D94-3-Pae_G1a-a1.CEL	0.15484	0	0.041408	0.65985	0	9.3592	0	0	0	0
aerobic_NO3_1.CEL	0	7.7971	0.244	1.317	0	0	0.50715	1.5524	2.0517	1.7722
120330-10978D_23_(Pae_G1a).CEL	0	1.1305	6.2779	1.12	0	0.36126	2.6923	0	0.96932	0.32594
GSM1419155_BC3_CAZ.CEL	2.153	0	0	0.76323	0	2.5106	0	0	0	7.3611
GSM567542.CEL	6.6211	2.7352	3.6543	1.5601	0	0	0	0.70265	0.098191	0
GSM711447.CEL	3.6977	0	8.0865	0	1.7543	7.8726	0.42684	0	0.37743	0.23305
GSM711449.CEL	3.4067	0	7.5937	0	1.8407	7.4843	0.83458	0	0.22556	0.11801
GSM537320.CEL	0	0	0	7.6865	3.0322	0	4.0471	0	1.2596	5.6503
GSM1177846_PAO1-AMV-2.CEL	3.0065	6.7697	7.0385	0	0	0.93811	0	0	0.015918	0.20992
GSM551148.CEL	1.0103	0.020331	0.93247	2.3651	0	2.148	0.70894	0	0	4.0188
GSM2070504_OCio-09-MutS-B-D94-3-Pae_G1a-a1.CEL	0	0	0.092734	0.83783	0	9.771	0	0	0.035026	0
GSM2070482_OCio-02-MutS-2-start-Pae_G1a-b1.CEL	2.5816	0	1.6784	0	0.021864	6.6217	0	0.072827	0	0.31964
