	0	1	2	3	4	5	6	7	8	9	10	11	12	13	14	15	16	17	18	19	20	21	22	23	24	25	26	27	28	29	30	31	32	33	34	35	36	37	38	39	40	41	42	43	44	45	46	47	48	49	50	51	52	53	54	55	56	57	58	59	60	61	62	63	64	65	66	67	68	69	70	71	72	73	74	75	76	77	78	79	80	81	82	83	84	85	86	87	88	89	90	91	92	93	94	95	96	97	98	99
GSM199985.CEL	1.8763	0	0	6.204	2.0221	0.14822	0	0	0	0	0	0.24939	0	0	0	0	3.2578	4.0935	0	0	0	1.3206	0	4.5544	2.1409	1.4874	0	0.22542	6.2017	0.38143	1.3354	0.26623	0.80796	0.033648	3.572	0	0	0	0	2.8118	1.1912	0	0	3.7284	0.5501	0	0	0.055845	0	0	0	2.1034	0.68721	2.6679	0	0	5.9206	1.2805	2.1151	0	0	0.0078032	0	4.8446	0.023963	3.9528	0.33109	0	8.6787	0	0	0.021549	0	0	0.61576	0	0	0	0	0	7.3716	0	0	0.56878	1.8355	0.38294	0	0.10133	0.090657	3.5117	0.25135	0	0.060984	0	0	0.072877	0.38979	0	0.28134	0
GSM2055818_7629_B-_20130705.CEL	0.63359	0	0	1.7423	5.2477	2.3149	0	0	0	0	0.10646	4.8571	1.1983	0.1515	0	0	2.2901	4.3083	0	0	0.027052	0	0	1.1128	1.4238	0	0	0	5.5081	0	0	0.73064	0.31086	0	0	0.029832	2.7661	0	0	2.4438	3.5069	0.41748	0.52181	5.9465	0	0	0	3.5352	0	0.56553	0	0.66393	0.094726	0	0	3.8332	0.17801	1.524	0	0	0.12461	4.3013	2.4029	0	0	0.38059	2.8987	0	2.1138	2.6377	2.1973	3.5856	0.58281	0	0	0	2.911	0.70564	0.88354	0	6.0874	0	3.2496	0	0.17543	0.61766	2.6435	0.90235	0.23095	3.2396	0.19074	0	0.49013	0	0	0.19224	0	0.22228	0.053411	3.6019
GSM900179_F2_Pae_G1a_.CEL	3.7257	0	0.12041	0	0.81208	3.1903	2.3492	0	0.69275	0.27306	0	0.67511	0.3506	0.89451	0.24202	1.5444	0.36785	0	0	6.3056	6.2204	0.87256	5.8784	2.2422	0.76205	3.6716	0	0	0	0.81534	0	1.3341	1.3906	1.3035	0.97067	0	0	0	1.35	0	1.0965	5.6241	0	0	0	0	0	0	0.55598	0	0	0.35591	0	4.922	3.728	0.6963	0.5188	1.0757	0.40788	0	8.497	0	0	0	3.873	0	1.354	0	0.4976	9.0414	0	2.3457	0	0	0	0	0	0.058188	0	0	0.5224	0	2.0628	0	1.3309	0.2901	0.70322	3.627	0.52835	0.1413	1.4788	0	0	0	0	0	0	0.63528	0	0.15986
GSM954579_Nomura_PA01-4_Pae_G1a_.CEL	0	0	5.8133	0	0.42397	0	0	0	2.4191	0.92126	1.883	0.81964	0	0.14596	2.2615	0	0.71921	2.3029	0	2.959	0.98545	0.18348	0	0.19394	0.5225	2.3402	0	0	0	6.2266	0	0.36408	0.24099	0.61623	0	0	0	0	4.1034	0	2.6838	5.2189	0	0	0	0	1.8039	0	0	0	0.20454	1.2657	0	5.428	0	0.0177	6.4477	0.31323	0	0	0.95333	0	0	4.252	0.40503	1.605	1.8487	0	2.4283	0	0	0.86058	0	0	0	0	0.37639	1.1818	1.1981	0	0	0	0	0	9.2744	0	0.54847	0	0.24815	0	1.513	4.6003	6.1881	0	0.5749	0	0	0	0.052285	0
GSM1133189_Weiqing_He_L-Glu-2_022410.CEL	0.85767	1.6155	2.8257	0.1139	0	0	0	0	0.30243	0	0.31303	0.3844	5.0378	0.35216	1.0058	0.79571	0.067446	1.3092	0	0	1.363	0	0	0	0	3.5465	1.2601	1.5972	0	0	0	2.0983	0	1.8111	0.50636	1.5839	0	0	2.6439	0	0	2.4281	0	4.8791	0.55172	0	0	3.4401	0.50339	0	0	0	2.4041	0	0	3.0637	0	0.5918	0	0	0.1053	1.4676	3.561	1.319	0	0.41102	1.7597	0	1.1351	0.27986	4.0342	5.8168	0	2.0566	0.11297	0	0	0	0	0	1.8123	2.0224	3.7856	0.94926	1.3293	2.6375	5.2049	0	0.97575	0	4.8472	0	0.56845	0	5.5179	0	0.37906	0	6.2834	7.5788
GSM821495.CEL	0	0.31319	4.0216	0.58352	0.80611	3.9294	0	0.038451	0.28607	0	0	0.073985	0	0	0	0	0.8036	3.4934	0	0	0	2.8319	0	1.2372	2.709	5.2819	0	0	0.67956	3.6659	1.701	3.0328	0	0.31577	0	0	0	0	0	0	0.39658	0.18758	0	5.2357	5.8503	0.68869	0	0	2.6345	0	1.9783	0	4.9515	3.0266	0	0.90947	6.5456	0.83493	0.40258	0	0	0	0	3.6511	0.084612	5.3789	0.093011	0	4.8279	0	0	0	0	0.25461	2.7213	0	0	0	0	0	2.5124	0	1.3863	5.9397	7.7746	0	0	0	0	1.0594	0.62044	0	0	0	0	0	0.10748	0.21884	0	0
GSM822689_wtBSM_A.CEL	4.789	0	2.6612	0.18801	3.2134	0.26279	0	0	1.3154	0	0	1.0304	0	0	0.49712	2.5099	0.59038	0.50352	0	0	0	0.23603	0	0.17598	0.43497	1.1834	0.75883	0	0.08217	0	0.69502	0	0	0.6355	4.7361	0	0	0.94301	3.5929	0	0	0.50896	0	3.7689	1.4028	1.037	0	1.3287	0	0	0.34566	2.64	7.1201	2.7781	0	5.6204	0	0.58857	0	1.3744	0.62852	0	0	0	0	0	0.18667	0	4.1034	0	1.3979	1.9403	0	0.5654	0	0	0	0	0	0	5.0377	4.3609	5.1414	4.4511	6.088	1.5887	0	0.023269	1.6623	0	2.8853	0.12558	0	0	0	0	4.3888	0	0.40689	0
GSM560759.CEL	0.85759	6.1721	2.1179	1.3642	0.40964	0	0	4.2039	0.015191	0	0	2.2055	0.68721	1.5611	0	0	0	0	0.27938	2.4673	1.8958	0	0	4.452	0.37969	0	0	2.104	0	4.6195	1.1088	1.2372	0.11961	2.6625	2.4044	0	3.4172	0	0	0	0	1.2781	0	0	0	0.054878	0	0	0	1.2759	0	0	0.58902	5.7595	0	0	0.52315	5.2773	0.94575	0	0	0	5.7197	0	2.4672	2.68	0.36874	0	4.4403	0	0	0.47811	0.63973	0	0	0	0	0	5.4558	0	0.11322	2.2813	0	0	4.679	2.9983	0.33537	0	0	0.59675	4.7336	0.89881	0	0.015068	0.31633	0	1.6995	0.0088904	0.52119	0.71761
GSM2070494_OCio-14-MutS_A_d94_cipro_2-Pae_G1a-a1.CEL	1.5016	0	0	1.0223	0	4.8444	0.11144	0	0	0	0	0	3.8312	0.06487	0	0.6281	0.85905	0	0.41628	0	0	6.157	0.77837	0	0	0.50875	0	0	0	0	0	0	2.0827	2.9541	0	3.2665	0	0	0	2.2326	3.6581	1.4746	0	2.735	1.1682	0	0	0	1.1594	0.99427	0	0.7569	0.44359	0.018059	5.43	0.040903	0.50849	2.0161	0	0	4.0201	0	1.485	0	1.2182	0	0	0	0.48081	0.16965	0.071484	2.8178	0	0	0	0	0	0	0.076578	1.2014	0.14268	0.25423	5.4905	1.1959	0.98657	0	5.3461	0	0.42359	4.1997	1.6336	3.6099	0	0.96239	0	0	1.1911	0	0	2.3676
GSM1267104_HZI1970_Pae_G1a.CEL	0	0.6273	0	0	3.3768	0	0	1.053	0	0	0	0.94407	0	0	0	0	0	3.0342	0	0.26469	0.13776	0.40592	0	0.0038997	0.49785	3.7638	0	0	0	0	0	3.0799	0.032693	0.43198	0.64867	0.20938	0	0	3.8862	0	0	0.035837	0	4.1665	0	0.55517	0	0.12339	5.9737	0	0.1871	0.20412	2.0675	2.4642	0	0.31565	0.27538	0.13033	0	0	4.389	0.74004	0.43016	4.9554	3.6938	0	1.3224	0	2.9612	0	0	0	0	0	0	3.6406	0	0.048977	0	3.0622	3.5551	3.1779	4.0533	0	2.7941	1.4102	4.5754	0.68982	0	1.0471	0	0	3.8093	1.968	0	2.8557	0	0	0.53517	0
GSM838219_PAO1-5344-3_Pae_G1a.CEL	0	0	1.8726	0.056263	0.57905	0.8533	0	0.30364	0.8789	0	2.5326	4.8538	0	0	0	0.08926	2.3926	0.62199	0.13641	6.3092	0	6.9256	0.55242	0	0	5.1491	0.65652	0	0	0.29629	0	0	0.56021	0	1.4752	0	0	1.8407	1.9569	0.2491	0	0	0	0	0	0	1.885	0	0.15261	0	0.81361	0.44917	1.1278	6.3491	0	0	0.16915	1.9245	0	0	0.914	0	0	3.5925	0.01779	1.7834	0.56554	0	0.4285	0	0	0	0	0	0	0	0	0	2.6183	4.5068	0.029688	0.13992	6.5085	3.149	6.1238	3.9253	0.17523	0	1.0924	0	0.12886	0	0	0	0.67883	0	0	0	0.87322	0
GSM208615.CEL	0	0	0	6.2977	0.28503	0	2.2362	0	0	0	3.501	0.39895	2.204	0	0	0	1.4141	0.3284	0	0	0.24869	0	0.089571	3.2509	1.3466	0	0.28711	0.83168	0.13257	0	0	0	0	0	5.1915	0.85979	0	0	0	0	0.77399	0.38135	0.44206	0.73051	0	0	1.8363	0	0	0.97126	3.3951	4.9532	0.3332	2.0037	0	4.9871	0.76086	1.5914	1.1723	0	0	0	5.1102	0	3.1101	0	4.6965	0	3.9571	0	0	4.8176	0.37104	2.4316	0	0.063829	0	0	0	0	0.17033	2.6704	0	0.56877	1.2388	0.26776	2.5706	0	4.7586	4.202	0.74517	0	2.4371	0	0	0.52828	0	0	5.8334	0.45304
GSM1553190_Persisters_T2.CEL	0	0	0	0	2.6769	0	2.473	0	0	0.16133	0	0.77266	0.3503	1.9423	0	0.30281	0	0	0	6.4069	9.284	0.67925	6.9264	2.5417	4.2829	2.0611	0	0	0.2888	7.9974	0.081811	0	3.0763	0	0	0	0.62853	0	0.16688	0	0.20691	0	0	0	0.022623	0	0	1.8297	0	0	1.7513	7.5857	0.31616	5.4893	0	0	0.30849	0	0.096858	0	0.18609	0	0	0	5.8448	0	1.9477	0	0	4.9874	0	0.79899	0	1.0927	0.95141	0	0	5.4052	0	0	0	0.50081	0.72428	0	0.41063	2.3519	0	5.5344	0	0.075499	1.7516	0	0	0.27216	0.22937	0.17274	0	3.0683	0	3.3283
GSM1419147_BC_FOX.CEL	3.7974	3.2692	0	1.8839	1.2262	0.30303	0	4.0935	0.17273	0	0	0.36257	0.53065	0.78723	0.3336	0.92219	0.52588	0.2294	0	0.81506	1.9344	0	0	3.8514	1.0459	0	1.4287	1.9333	2.7167	0.2047	0.4866	2.043	0.29125	1.989	0	0	1.4122	0	0	0	0	1.9449	0.22632	0	0.95326	1.2264	0	0	1.5058	0	0.39263	1.6708	0	3.3699	2.8434	0	0.27694	1.586	0.64792	0	0.011411	0	5.4073	0	4.1372	0.23949	0.75862	0.74426	5.3039	1.3771	0	1.4005	0	0	0	0	0	0	0	0	2.5376	0	0	0	7.1696	0	0.22677	0	0.34497	3.4016	5.1888	0.52024	0.21387	0	0	0.52261	0.035776	0	0	0
GSM1027584_062508WT.CEL	0.42374	0	0.53935	0.10053	0	0	6.8409	0.54128	0	0	1.2648	0	6.4261	0	0	1.0715	0	0	0	1.0712	0.079561	0.60318	0	0.94326	0	3.8721	1.3131	0	0	2.7434	0	1.1554	0.10549	1.4834	0	0	0	0	3.7262	0	1.0466	2.1458	0.11816	3.15	0	0	0	0	0	0	0	0.17555	2.4023	3.8843	0.14118	0	3.7858	0.68845	0	0	0	0	4.9596	0.43785	0.54606	0	2.9285	0	1.3567	0	4.539	4.7252	0	0	5.5928	0	0	0.46336	0.59923	0	1.7787	3.3116	0	0	3.0303	1.0587	2.035	0	0	0	10.188	0.04437	3.2809	0	2.3561	0.75388	5.0412	0	1.8745	1.4794
GSM774159_B38-6M_3.CEL	0	0.44085	1.4375	0	0	0.055789	0	0.56605	4.5178	0	0.32768	0.35237	1.0326	3.075	0	4.6234	0	0.027847	2.447	0.65023	0.24574	0.44927	3.5614	5.3953	0	2.2378	0	0	0.3135	1.0143	3.4478	3.0525	0	0.10434	0.6217	0	4.7741	0	0	0.48937	0.30157	0.64162	0	3.4591	0	0	3.2284	0	0.65562	0	0	0.47812	1.3729	0	0	0	1.5127	0.65863	0	0	2.4499	0	0	0.34286	0	0	0	3.6465	0	0	5.4562	2.1148	0	0	0	0	0	0	0	1.1201	0.21095	0.73103	2.7738	0	0.33225	0	4.1593	0	0	0	1.5221	5.7618	0.99613	0	0	0	1.7896	0	0	0.67002
GSM625978.CEL	0	2.225	0.80375	2.5198	0.72233	1.385	0	0	0	3.0578	0	2.9065	0	0	0	0.096604	1.8336	0	0	0	1.947	0.041226	0	6.9178	0	3.7648	0.66816	0.11164	1.2177	1.7416	0.29186	2.9012	4.6576	3.8364	3.1218	0	0.39687	0	2.5122	0	0.68602	0	2.2587	0	0	0.26341	0	0.50254	5.3514	0	2.5759	0.50281	3.03	4.6763	0	0	1.4152	2.1642	1.9516	0	0	0.51848	0.93921	0	2.9694	5.3942	0.41427	0	0	3.4427	0.96053	0	2.2557	0	0	1.0991	0.50889	0	6.9718	0	1.8789	0	0	0	0.14453	1.2413	0.59507	0.62589	6.9223	0	0	0	0.215	0	0	0	0.57766	0.27985	0	0
GSM267252.CEL	0	1.5941	0	0.52511	0.40741	1.939	0.025911	0	0.13381	0	0	4.3562	1.6896	0	1.0667	0	0	0	0	0	0.051148	0	2.8129	4.7157	0.46165	0	4.2419	0	0	0.22285	0.094459	0.55956	0	1.0385	0.28057	0	2.4275	0	0	0.098468	1.4561	3.0218	1.4742	0	1.6114	0	6.0848	0	2.7577	0	0	5.1699	0.55674	3.8214	0.028761	0	2.4558	7.0028	0	0	0.59889	0	1.7538	0.4706	3.1953	0	3.5571	0	5.244	1.2558	0.0050927	3.7466	0	0	0.026179	0.19893	0	0	2.9836	0.96748	4.1253	1.4918	0	0	2.3152	0.061428	0.78746	0	3.3659	1.5713	2.2302	0.98147	0	0	0.053375	0	0.11955	0	0	0
142_2014wt_anaero.CEL	0	0	0	0.044845	0	0	0.011224	0.49375	0	0	2.0038	5.1915	0.43943	0	1.2704	0.073285	0	0.014008	0	1.87	0	7.3638	0	5.8831	0.15353	0	0	0	0	2.9581	0	0	0.13356	0	6.9726	0	0	0	0	0	0	4.557	0	0	0	5.2022	3.5076	0	0	1.9255	0	0	0	0	0	0.18264	0	0	0	0.10379	0.30559	0	0	0	0	0	0	0	2.0909	0	0	4.4276	0	0	0	0	3.418	0	0.95942	0	0	0.32428	0.67853	1.3097	0.11737	1.838	5.0141	0	0	2.8427	0.32158	3.855	0	0	0	4.4306	5.2258	0	0	3.812
GSM567543.CEL	0.041233	0.2332	0	0.42574	6.3013	0	3.7619	0	0	0	0	0	4.8193	0	0	0	2.0941	5.0637	0.78413	0	0	0.19027	0	0	0	3.3309	0	0	3.8619	0	1.0985	2.9363	0	0	0	1.9329	3.2007	0	0.17474	2.3847	6.2199	0	0	9.0802	0	0	0	2.0801	1.3426	3.5693	0.43131	0	0	0	0.97891	0	5.2722	0.28249	0	0	0.28182	3.8153	0	0	0	0	0	0	0	0.13314	2.1594	0	0	2.0037	6.5465	0	2.9215	0	0	0	0	0	7.0164	0.84591	0	0	4.1575	2.0542	0	1.9906	0.70624	1.5929	0	0	0	0	0	0	6.3876	3.5894
GSM307126.CEL	0.39221	0	0	0.10914	1.0407	0.90716	0.58968	0	1.2784	0.47522	0	8.2437	0.34769	0.7686	0	0	1.2356	3.0154	0.09853	8.7751	1.7761	2.6226	0.64813	1.6895	0	0	0.85305	0	0	0	0	0	1.9332	0.57572	0	0	0.80586	0	0	2.1892	0	0	2.328	0	0	0	0	0.6801	0	0	0	3.3858	3.4845	5.6487	0.70379	0	0	7.3401	0	0	0.6029	0	5.6726	0.28193	0	0	5.7484	0	4.169	0	0.90517	3.5614	0	0	0.72425	0	0	0.22389	0.26148	3.8397	1.3773	0.70593	0.70292	0	5.6626	0	0	0	1.4454	0	0	0.57467	0	0	1.3758	0	1.2793	0	0	0.10038
GSM1244970_PAO1-37-replicate-01.CEL	3.7172	0	0	0.89144	0.086353	0.95603	0	0.23092	0.34801	0	0.44179	0.42415	0.13917	0	0.43766	0.1248	1.3935	0	0	0	0	0	0	0	0.28256	5.8451	0	0	2.7424	4.2072	0.25391	0.97881	4.534	0.56328	0	0	0	4.754	1.2027	3.7683	0	0	0	2.6008	0	0	0.68521	0	0	0	0.78977	0	0.00072885	4.1845	0	0.64153	4.5347	1.5216	0.28804	0	0.024816	0.86685	0	4.7054	0.66388	0.30101	1.7435	4.0329	0	1.5558	0	0.35958	0	1.8686	0.19081	0	0	0	0	4.4022	0	0.047247	7.5399	0	4.1034	3.0854	0.032207	0	0.62969	1.0286	0	0	0	0	0	2.3263	0	1.057	0	0
GSM864520.CEL	0	0	0	4.4846	4.5113	0	0.59089	0	0	0	0	1.2529	0	1.0114	2.6932	0.98887	0	0.11889	0	0	1.1287	0	0	0.54714	1.5181	0	0	0	0	4.0467	0.21466	0.17656	0.72186	0.049919	0	0	0	0	0	0	5.4003	0	0	0	1.4468	0	0.42905	0	0	5.4171	0.058469	0	0	3.8661	0	0.29518	0.79582	1.0519	0.4072	0	0	0.97988	0	0	0.52494	1.4216	1.3285	2.6494	0	0	0	4.5622	1.0949	0	0	0.24099	0	0	1.7442	4.8122	0	0	2.165	0	7.8302	7.7236	0	0.7434	1.9297	0	2.8004	0	5.0775	0.2173	0	0	0.36389	0.5853	0	0
GSM980539_MHH1372.CEL	0	1.1288	1.175	4.2796	0.49863	0	0.28825	0	0.27008	6.2005	0.0062861	0	0.072578	0	3.5901	0	0	0.39015	0	0	0	0	0	3.7739	0	0	0	0	0	0.23711	5.2837	0	0.38762	2.9436	0	0	0	3.7635	0	0	0	0.42629	2.7978	2.0976	0	1.6132	0	0	0.17137	4.0434	0	0.17737	0.16499	4.0992	5.894	2.4656	5.1328	0.62144	1.2103	0	3.3619	0	1.8368	1.775	0	0.026774	1.8878	0	4.8049	6.0241	0	0.75919	3.1433	0	0	0	0	0	0.25399	0	0.41819	3.9385	0.019142	4.0336	3.2768	0	0.39116	0	0.00086641	0	0.94985	1.6545	4.4315	0	1.1349	0	0	0	0.58403	0
GSM898002_MHH0123_Pae_G1a.CEL	0.0061496	0	0	0	5.42	0	0	0	0	4.8639	1.4563	0.39487	0.2528	0	3.2776	0	0	2.5568	0	0	0	0	0.59048	3.2668	0	0	0	0	4.3647	5.8157	0.14179	0	0.52338	0.86877	0	0	0	4.3519	0	0.0046662	4.0988	1.6175	0	3.1893	0	0.18909	0.072042	1.8892	0	2.0844	1.4162	2.51	1.2558	4.0657	0	0	8.1244	1.1135	0	0	0.32005	0	0	3.9501	0	0.41511	2.4834	0	2.5478	0	1.0098	0	6.2695	0	0.80278	0	0	0	0	0	0	0	1.0674	5.1111	3.5667	0	0.21678	0.3964	0	0	0.26839	0	4.2753	0	2.6342	0	3.5321	0	0	0
control3_anaerobic_Pae_G1a.CEL	0	1.577	0	2.8132	3.0699	0	0	0	3.2519	0	1.0954	6.4168	0	0	0	0	1.1252	0	0	0	0	0	0	2.6824	0.54127	3.9949	0.72936	0	0	0	2.0055	0	0	0	0	0	0	0.48913	0	0	0	3.9572	4.531	0.16856	0.42373	4.7396	0	0.86805	0	0.42275	0.047731	0.74184	0.47253	1.0683	0	0	0.10333	0.56316	0	0	0.30356	0	0	0	1.1585	0	0.49393	0	0	2.6582	0	2.0034	2.6343	0	0	0	0	0	0	0	0	1.0866	7.4571	0	0.31674	6.0731	5.515	0	0	2.8703	0.19381	2.8203	0	0	0.080978	2.1322	3.6667	1.2284	0	0
Pae_Fe02_15.CEL	8.1243	0	4.1023	0	2.7846	0	2.3461	0	1.3385	0	0	0	0	3.3375	0	0	0.67845	0.39673	4.927	0	0	0	1.9965	0.38099	0	0	0	0	2.7628	7.3076	0.13297	4.7767	1.4622	0.40887	8.4436	0	0	0	0	0	0	0	7.8769	0	0	0	0	0	0	0	0	0.81807	0	7.3006	0.7461	0	0.54955	0	0.29806	0	0	0	0	0	8.2747	0	0	0	0	0	0	0.18561	0	0.096437	0.0445	0	0	6.9332	4.1825	0	0	0.05729	0.06292	0	0	0	0	0	0	0.10843	0.32604	5.3567	0.22752	0	1.8117	0.20719	0	0.59179	0.27402	0.14052
GSM307122.CEL	0	0	7.0311	0.1313	2.4762	0.29379	0	1.2939	1.515	0	0	8.0355	1.6393	0	1.5892	0.63725	0.408	0	2.2863	2.7771	3.9132	0.15128	2.0997	6.1155	0	0	2.7025	0	0	0.62787	1.4284	0	0.50637	0.58707	0	0	0.32216	0	0	0	0.67594	0	2.1179	0	2.4683	0	0.60468	0	2.3902	1.9562	0	0.57288	4.9756	4.9029	0	0	0.048985	9.223	0.42132	0	0	0	0	1.218	1.9352	0	2.9717	1.2011	5.1218	0.56186	0.66645	0.23378	0	0	0	0	0	0	0	2.6582	0	0.93492	1.1872	2.1276	1.6329	0	0	0	1.6437	0	0	0.60368	0	0.11954	0.43284	0.89273	0.12557	0	1.3286	0
GSM567669.CEL	0.25049	0	3.9924	0	0	0	3.2446	0	5.5482	0	0	0.42787	2.7211	0.79149	0.6368	0	3.7513	0	0	0	0.22811	4.413	0	1.6691	0	0	0	0	1.5973	0	1.1978	0	2.1278	0	0	0	0	0	0	0	0	1.7085	7.5523	0	5.4021	0	0	0	0	0	0.78901	0.65698	0.49444	1.5755	5.4051	0.55476	1.0953	4.0562	0.30529	1.5788	1.8135	0	0	0	5.4778	0.16307	0	6.8117	0	1.3853	0.58374	0.019888	0	2.1657	0.69297	2.3657	0	2.1374	4.0988	0	2.1178	0.21714	4.0764	0	1.1439	0	2.4075	2.6152	0.70589	0	0	1.236	0	0	0.053014	3.9667	0	0	0	0.085524
GSM717420.CEL	0.049029	0	0	3.0541	0	0	3.6359	0	0	0	0.67693	0	5.2247	0	0	0.39078	0	0.59087	5.4642	0.60254	0.40002	0.0689	0	4.6532	2.2569	0	0	0	0	0.038203	0	0	0.58722	0.30223	3.1407	0	0	0	0.1902	0.5494	1.6349	0	0	3.8191	0	1.9246	0	0	3.4918	0	0	0.95204	6.2928	3.506	0	0.60066	4.509	9.7509	2.6952	0	0	0	1.6768	0	0.8138	0	0.91519	0	8.0069	0.21653	1.6251	0	0	0.088768	3.9128	0	0	1.8414	0	0	0	4.7901	0.32639	0.32888	0.54631	0	2.2404	0	0	0.32394	0.77361	0	2.5547	0	0.87388	0	3.1689	0	3.3771	1.5074
GSM842841_Wright_3_WT-log-3_Pae_G1a.CEL	0	0	0	6.2528	0	0.068944	0.91129	0	3.3206	0.15991	5.824	0.61066	2.8113	0	0	3.081	0	2.0177	0	0	0	0.27263	0	0	0	0	0	2.0624	0	0.41232	0	1.6594	0.38903	7.3391	0	4.4824	0	0	0.5047	2.6147	0.17868	0	0	2.4446	5.7793	0	0.51351	0	0.23009	0	0	0	2.818	1.2381	0	5.4906	0.58626	4.1953	0	0	0	0	0	0	2.1371	0	0	0	4.1689	0.6904	1.4531	4.7829	0	0	0	0	0	0	0	0.52335	0	0	5.1651	0	1.0463	0.55815	3.9126	0	3.8808	0	3.0243	0	0	0	0	0	1.73	0	0.58911	4.579
Tob2_aerobic_wdh_Pae_G1a.CEL	1.5445	2.5997	0	1.0684	3.8866	0	0.4412	0	0	0	0.46499	0.29163	0.62535	0	1.6202	0	1.2708	0.32776	0	3.422	3.961	0	0	5.0532	0	0.081604	2.1356	0	1.6103	0.054093	0	0	0.48131	0.85557	0	0.87234	0	2.3198	0	0	0.069183	1.1255	5.4784	0	0	0	0.90307	0	0	0	0	0.68785	0.75985	5.2429	0	0	0.1119	1.8096	0.98344	0	0.16748	0	0	0	3.3348	0	0	0	1.4803	0	0	0	5.034	0	0.52514	0	0	3.8693	0	0.11681	0	0	2.213	0	2.0764	3.5127	1.7034	0	0	4.0196	0.26324	3.5675	0	0	1.5162	0.94743	4.5174	0.42847	0	0
GSM625973.CEL	0	0	0	2.9954	0.44307	1.3889	0	0.11241	0	3.2924	0.13853	2.1422	0	0	0.025815	0.056282	4.3896	0	0	0	2.2829	0	0	6.4672	0	0.88537	0.68918	0	0.45241	0.51527	0	0.78332	6.0963	3.9745	0.23932	0	0	0	4.6916	0	0	0	2.5733	0	0.019898	0	0.75598	0.4285	4.639	0	2.4643	0.35443	0.43056	3.4217	0	0	1.067	1.1979	0.065485	0	0	0	2.439	0	5.0637	2.4966	1.9919	0	0	0.12041	2.1318	0	4.5313	0	0	0	0.047088	0	4.5536	0	1.6532	0	0	0	0.66236	1.8798	0.11298	0	8.5451	0	0	0	0.23069	0.090275	0	0	0	0	0	0
GSM637597.CEL	5.1329	0	0	0	0.81763	0	0	2.9911	0	2.0548	2.3747	0.22027	1.499	0	0	0.55299	0	0	0	0	0	0	0	1.7851	0.24416	0.21377	2.5196	0	0	0	0.19671	0	5.8831	1.1035	0	0	0.070622	0.11082	3.8217	2.3871	0.038403	0	4.4313	0.12935	0	0	0	0	0	0	6.1523	5.4748	0	3.4333	0.83914	0	0.43018	0.46983	0.035842	0	0	0	0	0	6.8346	3.9304	0.045485	0	0	0	0	0.0033271	0	5.319	0.57367	0	3.8347	0	0	0	0	0	4.3403	0	2.7252	0.32438	0	4.4379	0.41214	0.091483	0	2.5086	0	0	5.5036	4.4947	0	0	0	0
GSM1306129_Nomura_PAO1_KG-2_Pae_G1a_.CEL	4.6006	0	0.0051255	1.4893	0.036844	8.7793	0	0	0.96151	1.2792	1.9224	6.1803	0.53833	0	0.34295	1.9404	2.5389	0	0	0	0	0	0.531	0	0	2.2898	0	3.4836	3.2394	0	0	0.83397	0.846	5.0011	0	5.237	0	1.2956	0	1.7244	1.1262	3.1918	0	2.9761	0.23098	0	2.1241	1.169	1.8373	0.74672	0	0.54311	0.30314	0	0	1.1093	0.50478	0.55586	0	0	0	2.2901	1.1281	0	1.0682	0.38612	0	0	0.52696	1.3512	0.13086	5.6806	0.58909	0	0	1.0629	0	1.3645	0	0.48577	0.13506	0	3.2672	0	0.10308	0	3.6254	0	0	0	3.5583	0	0	0	0	0	0	0	0	5.2751
GSM290749.CEL	0	0	0.23822	0.43068	0.58717	0.65404	6.512	0	3.6073	0	2.4286	1.8695	0	0	0	0.06316	0	0	5.9409	6.4112	0	4.1424	0.94192	2.4313	0	0.53544	0	0	0	0.36612	0	0.063024	2.3563	1.2567	1.9169	0	0	0	0	0	0	0.38758	0	0.56052	0	0.53487	0	0	0.23544	1.6106	0	0	0.23013	2.5821	5.4877	0	2.6044	5.8337	0	0	1.9961	0	0	0.25278	2.5221	0	3.8934	1.3325	0	0.55104	1.1775	1.9572	0	0.46186	0	0.92031	0	0	1.6239	0	0.6044	2.5409	2.7278	1.9879	0.93441	1.0607	5.6912	2.4971	0	0.94389	0	1.554	2.6325	0	0	0	3.9847	0	0.57359	1.7068
GSM717424.CEL	5.5091	7.1693	4.2111	0	0.52769	0	0	0	0	0	0.20217	2.4236	1.4179	1.781	0	0	0.61285	0.013479	0	0	5.1616	0	0	7.4644	0.24504	2.3363	0	0	0.36382	1.2184	0.97328	0.89591	0	0.34753	6.1187	0	1.3097	0	0	0.097425	0	1.5775	0.63405	0	1.1998	0.11188	0	0	0.082962	1.3265	4.5486	0	6.0557	6.3503	0	0	0	6.7781	0.20294	0	0	0	3.3315	0	5.3579	4.1284	0	0	0	0	0.036808	0	2.3304	0.67522	0.7534	0.1277	0.94185	0	3.4182	0	0	0.12187	0	0.023888	0	0.14825	0	4.7959	0	0.25139	0	2.0972	0.14509	0	0	2.7281	1.003	1.1937	0	0
GSM551151.CEL	0	2.8183	0	7.7015	0.20237	0	4.005	1.4303	0	0	1.4888	2.0042	4.7381	0	0.085482	0.14022	0.40592	0	0	0	2.1317	0	0	3.3888	0.99822	0	2.273	0.11843	0	0.035695	0	0	0	0	0	0	1.2637	0	0	0.71186	0.56401	0	1.2905	0	0.017194	0.48083	0	0	0.29964	0	0.73068	2.0838	0.75626	4.2082	0	0	0.027375	5.7891	1.2873	0	0.298	0	0.76898	1.8091	3.4211	2.2117	1.7397	0	3.6946	4.6812	0.39726	5.3642	0	0	0	0	0	0	1.365	0.81458	1.4484	6.3368	0	0	3.1928	0.35746	0.58806	0	2.891	0	5.2471	0	2.7063	0.53894	0	1.6316	0	0	3.169	0
GSM252561.CEL	0	0	2.3508	0.15889	4.1771	0	5.8805	1.6913	0.35718	2.7645	0.70242	0.39352	0	1.3749	1.8419	6.2866	0	0.12187	0	0.47827	1.7814	0	0	0.15035	1.4913	0	0	0	0	3.0296	0.13148	0.98353	0.82054	0	0	0	2.9104	0.51793	0	0	6.0142	0	0.53718	4.2148	5.5797	0	0	0	0.49405	0	0.86053	0.68927	1.0243	5.8146	4.2593	0	0.61627	0.83363	0	0	0.022658	0	2.7659	0	0.8264	0	0	0	0.32123	0	0	0	4.5391	0	2.9661	0	0	0	3.02	0	0	1.1306	2.4551	5.3203	4.5292	0	0	0	0.086092	1.0587	0	0	0	0	0	0	0.74616	0	0	0.088588
GSM307125.CEL	1.0841	0	0	0	0.37207	0.81798	0.1155	0	0.37701	0.37374	0.073457	8.4362	0.89693	0.36158	0	0	1.6153	1.757	0	6.1256	2.3409	2.2571	2.8855	3.0877	0	0	2.2917	0	0	0	0	0	1.3468	0	0	0	1.1523	0	0	2.0117	0	0	2.7561	0	0	0	0	0	0	0	0	5.3051	3.817	5.2861	0	0	0	7.2868	0	0	0	0	4.3752	0.41365	0.73096	0	5.5514	0	4.5777	0	0.60782	3.5193	0	0	0.70964	0	0	0	0.091202	3.2745	0.95255	1.3943	0.33605	0	4.0944	0	0	0	1.5696	0	0	0.84253	0	0	1.544	0.46494	0.99043	0	0	0
GSM774118_CF333-1991a.CEL	0.17677	0	0	0	0	1.5405	0	0.085351	0	0	1.7178	1.552	0	3.7604	0.7954	0	0.48871	4.6724	0.92308	0	1.9485	0.30342	0.6268	3.0147	0.90933	0	0	2.7777	0	0	3.3596	0.26398	0	0	0	0	2.5895	0	2.4133	3.3893	0	2.5046	3.5565	1.5228	0	0	0	0	0.7354	0	0	0.49077	1.1348	0	0	0	0.1131	1.2259	0	0	5.0541	2.337	0	1.3604	1.5644	0.10255	1.757	0	1.8236	0.54699	4.457	4.3165	0.24418	0	0	0	5.6053	0	0	0.35982	0.46434	3.2534	3.0363	0.4606	0.24438	0.027483	5.2106	0.078861	1.1074	0.17622	1.0184	0.30404	0.41697	0	0	1.1204	0.73081	0.14323	0	0
GSM897998_MHH0107_Pae_G1a.CEL	0	0	0	0	0.58075	0	0.75083	0.10738	0	4.4513	0.2028	0	1.5	0.13465	2.6994	0	1.0133	0	0	2.912	0	3.5233	1.4203	3.647	0.13524	0	0	0	0	0	0	0	0.35262	0	0	0	2.1024	5.4846	0	0	0.19133	0	3.1132	3.2737	0.2456	5.1886	0	0	0	0	0	0	0.75042	2.431	5.0108	0	1.5284	0.99699	0	0	0	0	4.9872	0.35667	0	0	4.778	0	4.8731	0	2.9793	3.6394	6.6159	0	0	0	1.1433	0	0	3.5519	0	5.1519	1.0536	0	0.95026	3.3439	1.5061	0	0	0	0	1.101	0.69643	0	0.65687	0	0.29685	0.069784	0	0
GSM774104_CF114-1973b.CEL	0	2.8889	0.022796	0.19563	0	5.4791	0	0	5.3827	4.0888	0	0.71724	0	2.9597	0.8823	2.7172	0.15832	0	0	0	0.78973	5.2565	0	0	0	0	0	3.3073	0	0	0	0.77555	0	0.11559	0	5.321	2.8578	0	0	2.2926	0	0.98288	0	2.1623	0.51957	0.052433	5.0566	0	0	0	0	0	1.2362	0.45692	0	0	3.5145	0.62913	0	0	0.056237	0	0	0.22728	0.062873	0	0.7609	3.2211	0	0.63573	4.6902	2.5273	1.593	0	0	0	0	0.34338	0	0	0	0.41905	5.358	0.046267	0.95913	0.51584	6.2079	0.028019	1.7682	0	1.0699	0	0	0	4.957	0	3.2843	0	0	0.29901
GSM994500_HM4-replicate-02.CEL	4.3175	0	0	0.49553	0	0	0.84073	0	0	3.048	0	1.527	5.8225	0	0	0.17246	0.15945	0	0	0.083618	0	0.081393	0	0.16074	0	1.0017	0	0	0.46226	6.352	5.8506	0	7.0941	0.45895	0	0	4.397	5.6965	0	0.71711	3.9047	0	3.9713	0	0	0	0	0	0.011147	0	0	4.6677	0.98092	0	0	0.51312	2.183	0	0.49401	0	0	0	0	0	0	0	0	7.5707	0	0	1.7458	0	0	0.22413	1.7496	0	0	1.6613	0	0	0	0.22243	6.0531	0	1.2405	0	4.357	0	0	0	6.2851	5.3752	0	0	0	0.60318	0.76768	0	0	0
GSM838218_PAO1-5344-1_Pae_G1a.CEL	0	0	2.5044	0	0.056524	0.60713	0	0.13833	1.0046	0	2.4412	4.9639	0	0	0	0.27128	2.0736	0.88271	0.40197	6.0349	0	6.4341	0.53512	0	0	5.4685	0.24326	0	0	0.037465	0	0	0.58724	0.093689	1.5156	0	0	1.8205	2.767	0	0	0.0011247	0	0	0	0	1.711	0	0	0	0.82522	0.28418	1.8356	6.477	0.003217	0	0.35748	1.4414	0	0	0.96853	0	0	3.3094	0	1.8232	0.75416	0	0	0	0	0	0	0	0	0	0	0	3.481	4.3392	0.098885	0.13136	6.512	3.4698	6.103	4.1266	0.452	0	1.0273	0	0.21228	0	0	0	0.60883	0	0.655	0	0.62726	0
SJ16_Treated_1.CEL	3.1078	6.5046	0	0.34244	1.0905	0.99821	0.1565	0	0	0	0.1282	2.1478	0.6253	0	0	0.82513	0.76115	0	0	0	6.6494	0	4.6026	7.9478	3.2694	2.2889	0	0	0	0	3.2244	0.20984	0	0.47859	1.9266	0	0.90656	0.27116	1.2412	0	0	3.5655	0	0	0.47154	0.49462	0	3.8933	2.6239	0.67629	6.2519	3.4662	2.2053	4.947	1.0197	0	0	2.523	0.19976	0	0	0	1.2585	0	6.2184	4.2029	0	0	0	2.297	0	0	0	0	0.93835	0	1.9459	0	2.1247	0.43498	0.34792	0	0	0.20688	0.040911	0	0	5.8159	1.3928	0.70739	0.75666	3.0574	1.157	0	0	0	0.95357	1.2156	0	0
GSM1267089_HZI1952_Pae_G1a.CEL	0	0	0.12057	0.037201	0.33135	2.564	0	0.31223	0	0	0	0.53405	0	0	0	0.17124	0.061781	1.3328	0	1.256	0	1.5155	0.22985	4.0074	1.6182	6.67	0	0	0	0	0.17581	4.3678	0.97993	0.32079	0	1.6837	0	0	0	0.18073	0	0	0.13473	5.7021	0	0.65492	0	0	0.11472	1.5387	0	2.0882	4.7889	3.9209	0.73451	0	0.736	0.82038	0	0	0	0	0.7766	4.5768	1.6591	1.1369	1.036	0	7.193	0	0	0	0	0	0	3.0292	0	0.46404	0	0	2.4115	6.3642	1.0235	0.0047342	2.0935	0	1.472	0	0	0	0	0.61681	6.5116	2.4645	0	2.596	4.4089	0	0	0
GSM1143376_A2_Pae_G1a_.CEL	1.6985	0.050972	0	0.48183	4.9991	4.2353	0.72361	0	0.42872	0.016673	0	2.0167	0.36009	1.0916	0	0	1.6224	0.38417	0	3.1687	0	0	0	2.2158	0	0	1.8333	0	6.0773	0	0.1442	2.4834	0.60274	0.38636	0	0	1.619	0	0	0.23481	0	0.5011	1.3316	4.9053	0.048322	2.196	0	0	0	0	0	2.591	1.4292	1.7392	1.9981	0.53763	1.0495	0.66265	0.03384	1.0867	0.81783	3.304	2.1084	1.0756	0	0.9959	4.5128	0	4.284	0.33643	2.7833	3.3587	0	0.48379	0.18178	0	1.5514	0	0.64242	0	8.5891	0	1.9621	1.4516	6.753	0.56136	0	1.097	0	0.020035	0.80185	0	2.6175	0	0.1533	0.41144	0.84612	0	0	0
GSM1958032_AMV_1.CEL	7.4688	0	0	0	0	4.2371	0	0	0	0.88151	0	1.8668	0.59526	0	0.1746	1.3586	2.57	0	0	0	1.8528	0.029179	5.8222	2.538	1.3087	4.8488	0.094934	4.1154	0.046964	0	0	0.38404	0	3.5079	0	2.5159	0	0	0	0	1.1187	6.7601	0	0	0.11542	0	0	0	0.96439	0	1.1499	4.9238	3.2484	0.39065	0	0.61537	0.77486	0.99294	0	0	0	0	0	0.83112	5.0443	0	0.90919	0	0	0	1.0823	4.143	0.8531	0	0	1.9983	0	0	0	0.519	0	2.3388	0.20063	0	0.042904	0.31891	3.4495	1.3136	0.66411	0	4.6248	0	0	0	1.2206	0	0.47026	0	3.7044	3.2732
GSM1141730_PA01_ZnO_PZO_.CEL	0.796	0	0	8.2266	0.54419	0	1.7813	0.96304	0.14744	0	6.0697	1.7091	0.31669	0	0.16637	1.2612	1.4569	0.10888	0.44101	3.7872	3.3046	0	0	4.377	0.65345	0	0	0.10276	3.1836	3.2871	0	0	0.61491	0.25572	0	0	0	0.80526	0	0.44482	0.60352	0	0	0	0	1.5352	0	0	0.058232	0	0	0.11549	0	5.0695	1.9373	0	3.6669	3.6591	4.0489	0	0	0	0	4.572	1.8447	2.7134	0.6777	0.44022	5.7566	0	1.5802	0.36075	0	0.089786	0	0	0	0	0	1.6702	0.098005	0	0.92348	0	5.28	0.20041	0	0	0.37952	0	1.7225	0	2.5826	0	0.13014	0.51962	0.11417	0	6.21	0
GSM267256.CEL	0	3.2861	0	1.6311	1.0537	0.11853	0	0	0.015822	0	0	4.4866	0.63492	0.26818	0.4829	0	0.32288	0.0013316	0	0.85596	1.7921	0.11949	2.7885	4.981	0	0	3.397	0	2.8643	2.5352	0.61923	0	0	1.195	0	0	1.5147	0	0.16822	0.013556	0.11711	1.9976	0.61324	0	0.69418	0	4.0425	0	3.5461	0	0	4.5866	0.34312	6.2116	1.2769	0	3.6988	7.5856	2.7	0	0	0	0	3.6606	2.0007	1.2557	0.63945	0	7.222	2.0647	0	0	0	0	0	0.061228	0	0	3.0668	0.47968	3.4394	0.016496	0	0	6.1104	0	0	0	1.662	1.6161	1.7521	1.139	0.10174	0	0.16479	0	0.22283	0	0.75617	0
GSM537321.CEL	0	3.8175	0	0.95192	0	0	0	0	0	0	0	9.0191	0	0	0	0	0	4.0113	0	0	0	1.239	0	4.3843	0	0	0	0	0	0	0.075096	0	0	0.67755	9.3225	0	0.58554	0	0.69306	0	0	0.29282	0	0	0	0	0.11155	0	0	0	0.057061	0	0.06337	8.7897	0	0	0	7.9196	4.8671	0	2.4669	0	0	0	0	3.4328	0	0	0	0	0	0	0	0	0.54932	0	0	6.6278	7.3114	0	0	0.75731	1.5014	0	0	0	0.49468	0	7.2	0.4626	0.37081	0.17426	0	0	0	0	7.9606	0	0	0
GSM541648.CEL	0.20154	0	0	0	6.1422	0	0	0	0	4.1533	1.6286	0.43895	0.14465	0	3.6014	0	0.16039	2.7542	0	0	0	0	0.95079	3.1161	0	0	0.31995	0	4.0828	5.15	0	0	0.47494	0.8044	0	0	0	4.4827	0	0	3.015	1.514	0	3.2657	0	0.56029	0	2.5974	0	1.8741	1.1961	2.8013	1.0928	3.7156	0	0	7.1877	1.1546	0	0	0.51019	0	0	4.6317	0	0.27051	3.1642	0	2.6875	0	0.80367	0	6.8761	0	0.16232	0	0	0	0	0	0	0	1.518	5.0651	3.3813	0	0.52616	0.15626	0	0	0.049634	0	4.9964	0	2.6964	0	3.1972	0	0	0
GSM1958033_AMV_2.CEL	6.2052	0	0.0040109	0.036581	0	2.7983	0	0	0	0	0	0.20227	0.54824	0	0.98271	0.6317	0.72675	0	0	0.41708	0.78231	0	1.7863	0.71647	1.7498	3.625	2.0022	5.7518	0.80437	0	0	1.2406	0	3.4873	0	4.3043	0	0	0	0	0	3.3743	0	1.4472	0	0	0	0	0.13952	0	0	5.0644	3.961	0	0	0.70854	0.074864	1.4254	0	0	0.20482	0	0	2.0263	2.3117	0	1.4923	0	0.3019	0.46688	3.8265	4.2166	0.028069	0	0	1.8384	0	0.11952	0	0	0	2.7268	1.9515	0	0.88476	1.0857	5.7427	0	0	0	6.4474	0	0	0	3.5369	0	1.5642	0	5.0626	4.9364
GSM541642.CEL	0	0.24267	0	0.16797	0.39968	0	2.4876	0	0	6.4449	0.074711	0	1.0701	2.2205	0	0	0.4424	0	0	0.90544	0.998	0	0	0.7187	0.33829	0	0	0	0	0	0.12901	0	0.0041673	0	1.4306	0.29959	0.17102	0.54231	0	0	0	0	4.8258	1.6971	4.6302	1.4928	0	0	0	0	0	0.173	3.7499	5.112	3.7938	0	1.5242	1.232	0	0	0.17411	0	0.3355	0.75901	0	0	4.3935	0	3.913	0.074056	2.9573	3.7671	6.1634	0	0	0	0	0	1.1063	1.0443	1.6498	4.0612	1.2644	5.3287	5.7711	0.94131	0	0	0.1383	1.4714	0	2.1472	1.041	0	0	0	1.8924	0	0	0
GSM1419155_BC3_CAZ.CEL	0	3.711	0	6.7794	1.077	0	0.25137	3.2349	0.75969	0	1.2637	0	0.78572	0	0.93773	0.39888	0	0.28506	0	0	0	0	0	3.9985	2.8035	0	0.7351	3.5492	0.13834	0	1.6177	0	0.10031	4.5606	0	0.88301	1.9326	0.3482	0	0	0	0.33595	0	0	1.3943	0.11738	1.863	0	0.74199	0.41535	2.5615	2.0325	0	3.5132	0	0	2.1705	2.9511	0.46396	0	0	0	4.0549	0	4.6692	1.9529	0.26452	1.8019	4.8721	1.0121	0	2.1761	0	0	0	0	0	0	0.41992	0	1.4196	0.64629	0	0	5.5847	0.03504	1.3109	0.044613	0.61898	2.4778	7.011	0	0.10897	0	0	0.82346	0.054695	0	0	0
GSM2070481_OCio-01-MutS-1-start-Pae_G1a-a1.CEL	1.8231	0.29525	0	0	0	0	0.5366	0	0	0	0	0.72364	4.1439	2.6751	0	0	2.6799	4.8552	0	0	1.5672	3.2232	0	0	0	0	1.2341	0	5.9004	0	0.75367	0.27958	0.44977	4.4511	0	0.63592	0	0	3.5799	0.16807	1.5045	2.5084	0	6.0825	0	0	0	3.5033	0.1952	0	0	0	0.47809	1.8776	4.4291	0	0.87773	0.58263	0	0	1.8907	0	6.6691	1.6078	0	0	0.77202	0	1.0006	0	0	1.8553	0	0.5488	4.0241	0	0	0.90123	0	3.1772	0	0	4.5083	0	4.622	0	2.1968	0	0.35916	1.1516	5.4552	2.3576	0	0.43243	0.76817	0	0.23637	0	0.89735	1.9279
GSM821092_HZI0148_Pae_G1a.CEL	2.6266	0	0	0	0.13316	1.9491	1.0316	0	0	0	5.6555	2.6766	0	0	0	0	0.23578	0	1.6556	0.72701	0.68637	0.29142	2.3501	0	3.3159	0	0.070071	2.9444	0	0	0.19813	1.5652	2.3131	0	5.5788	0	0	0	0	0.10041	0	0.46169	0	0.20852	0	7.1776	0	0	0	0	0	2.67	0.36081	0	0	0	0	4.7083	0	0	0	0	0	0.11164	3.659	0	3.1657	0	0	4.3385	0	4.9075	0.042345	0	0	4.2619	0	0	0	0.5295	0	0	3.97	0	1.8042	3.8511	7.2859	0.22796	0	0.29317	0.14626	6.9698	7.1202	0	0	0.11908	0	0	0	0
GSM1420993_PAO1_NO2.CEL	0.38524	0	0.15193	0.041143	0	4.5923	0	0	0	0	0.53011	1.4372	0.25431	1.6982	0.16263	0	1.7258	0	0	1.2329	0.21387	0.37652	0	0.23202	0	0	0	1.8024	0	0	0	0.96751	0.55012	0	3.2586	0	1.2725	0	0	0.13322	0	0.43736	0	2.6539	1.2323	6.2645	0	0.11401	0	1.3544	0.15065	0.8833	4.6309	0	0	0	0	0.81018	0	0	0.14283	1.5659	0.24924	0.63919	0.15864	1.3643	6.7017	2.5881	0.34477	0.36201	0	6.015	0.072798	0	0	0	4.3879	2.4461	0	0.72564	1.0321	0.54121	4.8834	0	0.018702	1.349	4.665	0.52541	0	1.7345	0.96795	0.47961	0	0	3.1224	0	0.22861	0.053083	0	0.75799
GSM1244968_PAO1-22-replicate-02.CEL	5.9138	0	3.5557	0.53344	0.56746	0	0	2.7285	0	0	0.50249	0	0	0	0.99415	0.11207	0.10236	0	3.3506	0	0	0	0	0.50621	1.1324	0	0	0	4.2672	8.234	0	0.31206	4.2949	0.38389	0	0	0	6.2641	0.20301	1.9534	4.2073	0	1.0344	2.5159	0	0	0	0	0	2.2432	0.79471	0	0.38999	4.7898	0	1.069	8.1204	0.48764	0.36202	0	0	0	0.18968	0	2.5573	0	1.2987	2.7706	1.5292	0	0.3592	0	0	3.61	0	0	0	0	0	0	0	0	4.7308	1.0245	4.394	3.4473	0	0	1.0559	0	0	0	0	0	0.11118	1.6684	0.79052	0.18593	0	0.22636
