	0	1	2	3	4	5	6	7	8	9	10	11	12	13	14	15	16	17	18	19	20	21	22	23	24	25	26	27	28	29	30	31	32	33	34	35	36	37	38	39	40	41	42	43	44	45	46	47	48	49	50	51	52	53	54	55	56	57	58	59	60	61	62	63	64	65	66	67	68	69	70	71	72	73	74	75	76	77	78	79	80	81	82	83	84	85	86	87	88	89	90	91	92	93	94	95	96	97	98	99
GSM774161_PAO1b.CEL	0	1.4237	0.80221	0.86493	0.62181	6.937	0	0	2.2912	0.036394	3.8252	4.714	0.15035	3.9162	2.0271	0.14469	0	1.3577	0.11253	0	1.5584	0	0	0	1.119	0	0	4.5206	0	0	0	1.871	0.77208	2.3864	0	5.8802	0	0.88391	0	0	0	1.1536	0	0	0.48664	2.6855	3.2575	1.8595	0.27292	0	0	0.36575	0.99211	0.82302	0	0	1.0529	0.77534	0	0	4.4396	4.5828	0.038186	0	0	0.49464	1.1404	2.8576	0.18874	0.51147	2.6197	0	0	0.096463	0.052775	2.9233	0.77237	1.4698	0	0	0.26274	0	0	0	0.86267	1.3897	0.71776	0	0	0	2.6757	0	0	2.7156	3.7439	0	0.53245	4.7577	0	3.3707
Overhage3002_(Pae_G1a).CEL	3.8554	0	6.523	0.50751	0.29083	0	0	0	6.4272	0	0	1.6619	0	0	0	5.0699	0	0	5.2286	0	0	0	1.1718	0	0	0	0	0	0	0	1.6938	0.45719	0	0.6581	7.0027	0	2.1724	1.4299	0	6.448	7.5374	0.24845	0	0	0	0	0	2.9226	7.4855	3.0296	0	0.24629	5.9905	0	0	2.2275	1.5479	6.6743	0	2.0201	0	0	0	0	0	0	0	1.8881	0.27717	0	0	0	0	0	0	0	0	0.35403	0.57015	0	0	5.2069	0	0	0	0	0	0	0	0	3.1442	0	0	6.7687	0	4.249	0	0	0	0
GSM432861.CEL	0	0	0	0.77089	1.6929	2.7585	0	0	0.011235	0	6.2636	5.4761	2.5535	3.5159	3.0751	0	0.15342	0.013704	0.040067	0	0.52069	0	0.42364	0	0.13096	0	0	2.441	0	0	0	0.57701	0.53264	0.006525	0	4.1733	0	1.3325	0	0	0.59077	0	0	0	0	2.5145	4.8171	4.5081	0	1.2166	0	0	0.76223	0.4879	0	3.2545	0.031917	0.89962	0	0.17619	0.83976	1.3293	2.8031	0	0	0	7.5305	1.5598	0	1.994	0	0	2.2477	0	0	1.2946	3.6948	2.8051	0	0.0055933	0	2.0515	0	0.084448	0	2.0143	1.0306	0	0	1.772	0	0	0	0	4.6489	0	0	5.9083	4.3948	4.2774
GSM1133188_Weiqing_He_D-Glu-1_021810.CEL	0.22162	0.35022	0.54566	0	0.43149	0	1.411	0	0.26947	0	0.027461	0.98395	4.3303	0	1.2838	1.2371	0.14548	0.34473	0	0	0.48717	0.2713	0	0	0.050008	4.8573	1.5861	0	0.40732	0	0	5.0554	0	1.9113	0	0	0	0.23484	3.2911	0.49486	0	1.5781	0.42867	0.57617	0	0	0	6.6057	0	0.39781	0.65578	0	1.5499	0	0	3	0.031821	0.98709	0	4.2943	0	0.92649	7.1812	1.0204	0	0	2.5327	0	0	0	3.8416	0	0	0	2.9125	0	0	0	0	0	1.3138	4.6596	0	0	0.58806	1.4516	0.46673	0	0.44924	0	3.5851	0.09088	3.7193	0.97396	3.4744	0.36494	1.3891	3.2968	8.0531	4.3303
GSM1517347_MK-1.CEL	0.25793	0	2.2876	0.69288	0.69329	1.7617	0	0	0	0	2.476	1.8713	0	0	0	3.0722	0.44103	0.44455	6.5976	0	0	3.0596	3.7916	0	2.791	0	5.6495	0	0.062775	0	0	0	2.4799	0.13899	0	0	0	0	3.8253	1.2988	0	0.66475	0	0	0	5.0545	0	0	0	0	0	1.5763	4.6482	0.14365	2.3658	1.2263	0.59524	2.9855	3.4078	0.47843	0	0	0	1.2092	0.049261	0	3.021	0	0.22313	0	0.019849	0	0	0	3.9163	2.7876	0	0	4.4544	4.8571	4.9651	1.0161	1.1368	5.8383	0	0.0043426	0.071598	0	0	0.03706	0.41912	0	0	2.8538	0	0	5.9733	0	0	0
GSM462063.CEL	0	0	9.1901	0.68803	0.93491	2.0146	0.48029	2.6377	1.8241	2.8514	4.8354	0.24639	0	0	5.3808	7.8351	1.0888	0	0	2.779	1.7904	0	2.8592	0	3.4672	5.0279	0.068496	0	0.33767	1.5889	0	4.2299	1.2877	1.5807	0	0	4.1028	3.2048	0	0	0.63317	0	0	0	1.5355	0.097144	0	0	0	0	0.46232	0	1.1747	0	3.0457	0	2.4243	0.92707	3.0185	2.7575	0	0	0	4.7464	0.10839	0	0.65752	0	0.86386	1.0342	0	0	0	0	3.255	0	0	0	0	0	0.11663	0.61361	0	4.5493	0.49403	2.5182	0	1.3476	0.089426	0	0.47266	0	0	0	0	0	0.0015165	0	0.11969	0
GSM591623.CEL	0	0	0	0.083554	4.7427	0.012516	0.28197	2.4263	0.10944	0	2.2718	1.677	0	0	5.0485	4.7562	5.4923	1.002	0	0.77456	1.0248	0	2.9901	0	0.60601	0	3.9738	0	5.6812	3.4753	0	5.5802	0.73426	1.1577	0	0	2.1999	5.6185	0	0	2.4617	0.063833	0	0	0	0	1.5227	0	0.40187	0.29322	0.43254	0.31415	0	0.42292	0	0	2.5638	1.3288	0	1.797	0	0	2.7085	6.7298	1.225	0	1.0735	0.20511	3.2972	0	0	0	1.5577	0	4.3246	0	0	0	0	0	0	1.433	0	2.7053	0.056486	0	0	0	0	0	0	0	1.7136	0	0	0	0.30577	0.91207	3.4049	0
GSM199986.CEL	1.6633	0	0	6.8447	2.7778	0	0	0.3707	0	0	0	0.22301	0	0	0	0	3.9012	3.9815	0	0	0	0.71862	0	0	4.4175	0.84741	2.8328	0	7.6383	0	0.46119	1.4099	0.81686	0.21449	3.5217	0	0	0	0	2.8197	0.81596	0	0	0	0.2757	0	0	0	0	0	0	1.0701	0.7493	0	0	0	6.9475	1.3016	5.9881	0	0	0.18727	0	6.3852	0	3.7759	0.34245	0	7.8309	0	0	0	0	0	3.1912	0	0	0	0	0	7.721	0	0	0.1658	0	0.5713	0	0.036989	0.15254	3.414	0	0	0	0.14512	0	0	0	0.98267	0.1675	0
GSM1958030_Cadaverine_1.CEL	5.9366	0	0	0	0.39576	3.6977	0	0.19982	0	0.89596	1.4482	2.3987	0.081782	0	0	0.30643	3.2822	0	0	0	1.649	0	4.9213	0.75951	3.4995	4.5875	4.1394	4.702	0.69627	0	0.43549	0.66495	0	5.1152	0	3.0603	0	0.29039	0.29311	1.5599	1.7375	8.1584	0	0	0	0	0	0	1.7927	0	1.3282	4.4816	2.8381	0	0	1.1547	1.0249	3.2109	0	0.12383	0	0	0	0.017483	0	0	0	0	0	0	0.73472	0.033125	0.73916	0	0	3.2223	0	0	0	0	0	2.4198	0	0	0.45674	0	0	4.116	0.38806	0	2.3849	0	0	3.4652	0.48532	0.76331	0.499	0.69225	2.2384	1.5281
GSM1419138_PAO.CEL	2.2933	0.22771	0	0.96293	1.7412	0.35638	0.84453	5.2528	0	0	0.22099	0.45971	0.27467	0.7199	0	0	0.88301	1.2313	0	3.2194	1.6059	2.4255	0	0	2.6481	0	6.1642	1.2326	4.7389	0.046578	0	7.6688	0.288	1.2448	0.42345	0	0	0	0	0.44349	0	2.6074	0	0	1.3348	0	0	0	0.16608	0	0	3.041	0.28897	0	4.4881	2.9801	0.42267	1.9847	4.2869	0.67644	1.8187	0	7.1412	0	0.39253	0	0.79742	0	2.3113	0.031429	1.259	0	0	0	0.17663	0	0	0	0	0	2.3935	0	0	1.2128	4.7349	0	1.0493	0	0	3.6359	3.7358	0	0.25556	0	0	0	0	0.56553	0	0
GSM717419.CEL	0.35508	0	1.4819	0.23664	0.0087544	0	4.1458	0	0	0	0.78248	0	5.9101	0.080503	0.032672	0.88851	0	2.7257	7.0802	0.097504	0	0.38242	0	0	1.9751	0.30792	0	0	0.30905	0	0	0	1.1463	0.50867	2.7265	0	0	0.28859	3.3478	0	1.8673	0	0.10758	2.8729	0.18714	3.7396	0	3.4045	2.7387	0	0.16658	0	8.3349	0	0	1.8431	5.3007	7.3996	4.7303	3.6992	0	0	3.1896	0	0	0	0.6901	0	5.1806	0	1.5992	0	0	0	7.8095	0	0	1.8262	0	0	0	4.8774	0	0	0	0.48444	0	0	0	0.4542	0.52937	0	2.5594	0.76348	1.8505	0	1.5075	0.62879	2.6593	1.298
GSM1608062_Planktonic_4.CEL	0.021312	1.7283	2.2888	2.4979	0.32619	1.138	0	0	0	0	0	0	8.3867	0	0.70494	0.070885	0	0	0	0	0.21682	0.073925	0	0	1.1813	3.7909	1.0813	4.0048	0.21593	0	0	1.36	0	0.38585	1.1982	4.5904	0	0	0	6.4356	0	2.4895	0	0	0	0	0.85032	0	4.188	0	0	0.90787	0.38093	1.4421	0	0.26798	1.5262	1.421	0	0	1.7836	0.81442	0	0.25788	0	0	1.6062	0	1.1681	0.099528	4.3582	0	0	1.7402	0	5.0799	1.4729	0	0	0	1.0994	4.2394	0	0.12602	0.64213	0.099387	0.46285	0	0	0.91981	1.2098	0	0	6.2127	3.3861	0.41259	0.83038	3.6781	4.3065	4.1958
GSM1421009_fhpR_NO2.CEL	0.16243	0	0.16975	0	0.57616	4.4594	0	0	0	0	1.6189	1.9634	0.041358	2.9561	0.56975	0	1.7073	0	0	1.0272	0	0.7832	0	0	0.023425	0	0.15636	1.8086	0	0	0	0.88322	0.35715	0	3.1154	0.49395	1.1281	0	0	0.40887	0	0.40202	0	0	1.2606	7.0151	0.19492	2.331	0	1.1936	0	0.38064	4.3055	0.4441	0	0	0	1.0349	0	0	0.47673	2.1814	0.2166	0.49281	0	1.039	7.064	3.0861	0.032036	0.23293	0.18294	0.64445	0.11845	0	0	0.081198	4.5221	1.7476	0	0.18215	1.3505	0.93936	0	0.017281	0	1.8357	0.44712	0.59236	0	1.6696	0.71854	0.56338	0	2.9259	4.7838	0	0.26757	5.1888	0	0
GSM774095_CF66-1992b.CEL	0.4786	0	0	0.11429	0	2.3884	0	0	0	0	4.1282	0.72154	0.22125	3.9094	0.2236	0	2.3426	2.0013	0.13609	0	1.1189	0.0042176	0.045773	0	3.5546	0	0.12589	3.3732	0	0	3.7974	0.47354	0	0	0	0	2.628	0	2.1646	4.9947	0	3.643	3.3648	0	0	0	0	0	0	0	0	0.9647	1.3431	0.096024	0	0	0.063376	1.5964	0	0.2918	4.4349	3.0198	0	0	0	0.01248	3.0598	0	1.9687	0.32947	5.9713	0	0	0	0	0	5.0313	0	0	0.042062	0.26911	3.803	0	0.31531	0.47964	0.11721	0.2028	1.1752	1.7312	0	1.2483	0.46682	0	3.9515	0	0.27659	0.50395	4.1309	0	0
GSM92178.CEL	0.63174	0	0	0.24093	0.79862	0	0	1.1534	0.35696	0	1.4077	1.2323	0.59124	0	3.0778	0.58006	1.5951	1.7161	5.411	0.80948	0	7.0002	2.046	0	0	0	2.6299	0	1.6448	0.0011117	0	0	0.84938	1.5182	1.7373	0	0	6.0019	5.7693	0.095636	0	0.05697	0	0	0	4.0559	1.9429	2.7282	2.16	0	1.0186	0.070463	0.0055305	0.15351	0	0.1064	4.594	1.1197	3.0162	2.4239	0.75088	2.0811	2.388	4.6426	0	0	0.56096	0.13541	5.4211	1.7453	0	0	0	0	6.2865	0	1.9121	0.34327	0	7.2715	0	0.73668	0.093176	0.071228	0	0	0	0.34031	0	0	0.33558	0	0.45092	1.2556	0	0	0	0	0.4278	0
GSM155240.CEL	1.5853	0	0	0.36971	0	0	0	0	1.3166	0	10.493	0.95603	1.2286	4.3664	0	0.49902	0.037288	4.1489	5.5655	0	1.4576	5.7183	1.0073	0	0.18042	0	0	0	0.085605	0	0	0.1735	1.3206	0.21131	0.80979	0	0	0.66137	1.8285	0	0	0	0	2.6112	1.5367	8.9312	0	5.9795	0	0	0	1.8146	2.7831	0	0	0	0.56509	2.1993	0.96864	0	0	3.612	0	0	0	0	0.22525	0	0.2313	0	0	0	0.49413	0	2.9694	4.3209	0	0.082259	0	3.8646	0	0.72574	0	0.31501	0	2.9752	0.70901	0	0	0	0.61764	2.5809	1.3828	2.4306	2.4199	0	0	4.3481	0.064374	4.3627
GSM1267086_HZI1981_G1a.CEL	0	0	0	0.80809	1.058	2.3199	0.72198	0	0	0	0.080034	0.53065	0.1791	0	0.85662	0	1.5645	2.705	0	0	0.88286	0	0	0	4.5811	4.388	5.3883	0	0	0.7304	0	2.0385	0.92853	1.1568	0	0.61089	0	0	0	0.4521	0	0.56006	0	0.12438	0	0	0	0	4.7236	0	0	3.151	5.0284	0.4951	0	0	1.9244	1.0056	4.2942	3.6789	2.3009	0	0.26798	5.7683	1.9261	0	1.3573	0	2.3568	0	0	0	0	0.48004	3.184	1.1803	0	1.0567	0	0	1.3062	3.019	0	0	1.3649	0	0	0.68342	0	0.70232	0.31218	0.068097	7.488	5.4161	0	1.3732	2.0968	0	0	0
GSM596819.CEL	1.9879	0	0	0	0.77369	0	5.7727	0	3.9308	3.1637	0	0	7.6183	0	5.1093	7.5025	7.261	0	0	0	0	6.5063	3.6143	0	2.429	0	0	0	0	0.99097	4.1091	0	0.24055	0.23708	0	0	0.23576	0	0	1.9472	0.18111	0.3308	0	0	0	0	0	0	9.3436	0	0	1.5884	0	0	0	0	2.2636	0.98146	0	4.8512	3.7967	0	0	0	0.097113	0	0	0	0	0.29956	0	0	1.6731	0	3.4269	0	0	0	0	1.9203	1.54	6.3439	0	0	0	0	1.0795	0	0.9936	0	0.79469	0.046952	0	1.6608	1.3232	0	0	0.34365	6.0583	0
GSM663168_BM-Mix-Pa_1_6-6-08_s1.CEL	0	0	0	0	1.3105	0	1.2972	0.95488	0	0	0	0.55654	7.336	0	0	0	2.0679	0	0	0	0.86719	0.011634	0	0	0	4.38	6.577	0	0.11289	2.824	0	4.6224	0	0.33091	4.0067	0	0	0	0.016808	0	4.6401	0	0	0	0	0	0	0	0.58893	1.076	0	6.905	4.1377	0.27375	0	0	2.9115	0.65277	0	0	0.33803	0	0	0	0	0	0	0	0.5713	0	0	0	0	0	6.1715	0	0	0.58136	4.232	0	6.6261	3.7719	0	0	0.40154	0	0	0	0	4.2343	5.9219	0.40295	0	0	2.0293	0.12367	4.1957	0	5.0591	0
GSM546271.CEL	3.4692	0.027118	0	0	1.0066	0	0	0	1.7417	0	0	0.62469	0.32351	4.1645	0	0	0.18179	7.9695	2.1653	0	0	0.19112	2.6605	0	6.2653	0	3.4477	2.7733	5.2761	0	0.9912	0	0.89737	0	0	0	0	0	0	0	0	0	1.3889	0	0	5.0462	0	0	0	0	0	2.5056	5.0473	0	0	3.0406	0.61372	4.9957	0.080059	0	0.34183	0	0	3.9883	0	0	5.4454	0	0.54274	0.38006	0.93751	0	0	0	1.3705	6.9966	0	0	0	0.57805	2.2984	0.40347	0.72633	1.6877	0.78141	0.67096	0	0.28188	1.8489	0	0.14579	0	0	3.7591	2.4589	0	3.3688	3.9702	0.52782	0
GSM208619.CEL	0	0	0.99119	0	4.1984	0	1.877	0	0	0	4.0922	2.9038	5.9184	0	0.19029	0	0.19109	0	0	0.78465	2.457	0	0.87534	0	3.4101	0	7.0566	0	0	0.49586	1.3799	3.6684	0.13342	0.5236	6.4506	0	0	0	0.46437	0	0	2.433	0	0	0	0	0.95309	0	5.7671	0	4.9169	4.3404	0	0	0	5.7095	2.3906	0.88932	0	3.55	3.1959	0	1.0445	0	0	0	5.1411	0	1.0775	0	0	0	0	4.301	0	0	0	0	0	0.96115	0	1.3921	0	0	2.8721	1.6303	1.794	0.10627	0.41349	4.7208	0.36685	0	0	0	0	0	0	1.5742	7.2362	0
GSM429475.CEL	0	0	0	0.20271	1.2257	3.1926	3.5283	0	0	0	3.0565	0.57567	0.47068	0	0.25085	0	5.2131	0	0	0	3.9266	0	3.6113	0.26809	4.7408	2.7519	6.6455	4.9272	0	0	0.24947	0	0.076316	2.7098	0	2.4799	0	0	0	3.3675	0	4.1058	0	0	0	0	0	0	0	0	0	9.8486	0.72975	0.87229	0	0	1.9428	4.3349	0	0	2.3263	0	0	2.0424	0	0	4.9691	0	0.56256	0	0	0	0	4.4258	0	7.0521	0	0	0	0	0	4.822	0	0	0.60339	0	0	5.5662	0	2.1444	0.19432	0	2.1978	6.404	0.52429	0	0.24536	0	0	0
GSM637590.CEL	7.3334	0	0	1.759	0	1.7823	6.6679	2.25	4.3596	1.0216	1.1051	0.36718	0	0.26766	0	0	2.8191	0.077488	0	0	0	1.9835	0	0	1.842	1.6023	0	5.1324	0.95574	0	3.5994	1.3692	4.2487	3.165	0	2.0837	0	0	0	6.865	0.36624	0	3.4849	0	3.9818	0	0	0	0	0	0	6.7407	2.0601	0	0	5.1437	0	1.6246	0	5.1351	0.33275	0	0	0	0	0	0	6.1892	0	6.3344	0	1.9863	0	0	0	0	0	0	0.0012549	0	0.68291	0.20226	0	0	0	0	2.9624	1.7681	0	0	0.18837	0	2.6178	0.93037	0	3.0054	0.037053	1.5226	0	0
GSM424832.CEL	0	0	0	5.7149	0.66191	0	2.8455	5.4218	0.11577	0	0.92752	0.089058	0.34133	0.68862	0	0.5781	6.7865	0	0.03905	3.1999	0	0.2923	0	0	2.2834	0	0.76638	0	0	0	1.2365	0.080209	0	0	4.9602	0	0	0	0.22459	0	5.0751	0	1.6283	0	0	0	2.5074	0	0	5.6672	2.2903	0	0	1.0144	3.6891	1.2895	0.48086	3.0843	6.8528	0	0	0.71933	2.2435	0	0	1.5666	1.4083	3.7599	0.43408	0	0.092541	0	2.9948	0	0.20364	0	0	0	2.8989	0.41887	0.7934	1.1543	0	0	0	0.80691	0.065619	0.30722	4.5423	0.22741	0	0.98426	1.2236	0	0	0	0	0	0.1497	0
GSM1662229_WFPA513_1.CEL	0	0	4.8797	0.27777	0.68132	0	0.97715	0	0	0	0	0.15179	0	0	0.055457	0	0.088274	1.2941	4.0728	1.8919	0	0.25231	0.78516	0	8.0226	0	4.2833	0	2.4029	0	0	4.416	4.3592	0.39267	0	0	0	0	0	0.72486	0	0	0	2.0936	0	2.7149	0	0	0	1.5785	0	2.6188	0.2902	0	0.26241	0	6.3225	5.2474	1.5985	0	0.50168	0	0	0	0	0	1.9491	0	5.8975	0	2.6699	0	0	1.8694	5.4184	0	0	0	0	0	0	1.173	0.93958	3.4612	0	0.059754	0.10145	0	0	0	0.076628	0	0	2.8008	0	0	4.0352	1.7267	0	0
GSM1608071_Biofilm+12hrtobra_rep2.CEL	0	0	0	7.938	0.039408	0	8.7353	2.7622	2.4645	0	6.8379	1.7694	0.31128	1.2229	0	0	5.5038	0	0	0	0.16113	4.2753	0	0	1.7793	0	0.88384	0	0	0	0	0	0	0	0.14776	0	0	0	0	0.020883	0.1898	0	1.1144	0	0	0	0	0	0	0.31866	0	0	0	0	0.76302	0	0	6.6157	3.0735	0	5.5827	0	0	2.299	0	0	2.6877	4.1938	0	2.3697	0.23209	3.6949	0	0	0	0	0	0	1.6944	0	3.355	5.2782	0	0	0	2.3897	0.057067	3.2769	2.7466	0	4.1403	0.26946	0.24142	3.6405	0	0	0.11401	0	0.67975	0
GSM424833.CEL	0	0	0	6.0739	0.37918	0	2.9831	5.7288	0.23824	0	1.2021	0.51082	0.3141	0.4764	0	0.39267	7.3819	0	0.32819	3.526	0	0.31305	0	0	1.2962	0	0.56701	0	0	0	1.2598	0.40893	0	0	5.4214	0	0	0	0	0	5.3186	0	1.5573	0	0	0	2.4373	0	0	5.9337	2.0149	0	0	1.2299	3.4536	1.7903	0.048461	3.9704	7.314	0	0	0.51511	2.5939	0	0	1.3328	1.7004	3.7246	0.20791	0	0.069063	0	3.2364	0	0.037126	0	0	0	3.2481	0.28728	0.81574	1.2621	0	0	0	0.4546	0.19365	0.020769	4.3844	0	0	0.69171	1.0585	0	0	0	0	0	0.21117	0
GSM567674.CEL	3.6884	0	0	0.13588	0.0040904	3.9375	7.342	4.4312	0	0.49364	0.53559	1.5038	4.6685	0.21679	0	0.04967	2.9662	0.25846	0	0	0	0	0	0.37861	2.6236	1.1102	0	1.5104	0	0	0.33146	0	6.7492	5.2616	0	0	0	1.1546	0	7.3483	0	0	3.2208	0	0	0	0	0	0	0	0.21808	0	0.51801	0	0	0.018482	0.77163	0.33186	0	6.981	0.0075139	0	0	0	0	0	0.55961	4.2264	0	6.9589	0	0	0	2.0354	0.34535	0	0	1.281	0	0	2.8063	0	0	0	2.7312	0.19475	0.11836	4.4728	0.47947	0	0	0	5.8189	0	0.58075	2.7861	0	0.26425	0	1.6886
GSM1177845_PAO1-AMV-1.CEL	0	0	4.8154	0	3.5464	0	0.43315	0	0.66491	0	5.3649	3.4404	0	0	5.5576	0	0.46455	0.091415	6.3592	0.33464	0.54235	0	0	0	0.63452	0	0	0	0	0	2.6384	0.025394	0.14803	0.4422	0	0	0	0.80092	3.9599	0	5.5299	0.74569	0	0	0	0	2.1819	2.5143	0	0.16158	0.95112	2.0271	1.5938	0.53998	0	0	3.2447	1.3677	4.3213	5.0444	0	0	0	1.7706	0	0	0.84343	0	0.71516	0	0	0	4.2099	0	0	0	0.99782	0	0	0	0	0	0	0	0.27409	3.2697	0.17243	0	0	0	0.28553	6.5273	5.3533	2.5835	0.2325	0	0	0	0	0
GSM1420992_PAO1_NO1.CEL	0.20571	0	0	0.16568	0.62626	5.4185	0	0	0	0	2.8888	2.2116	0.10316	3.1431	0.72873	0	1.6421	0.014626	0	1.2274	0.31566	0	0	0	0.92178	0	0	2.704	0.027115	0	0	0.87815	0.63593	0	1.732	0.6667	0.73793	0	0	0.48046	0	0.33506	0	0	1.0937	6.4905	0.50298	2.221	0	1.6104	0	1.3029	3.9712	0.52428	0	0	0	1.196	0	0	1.1052	2.9154	0	0.1648	0	1.2041	6.1626	2.5526	0.28933	0.7415	0.28784	0.7376	0.053194	0	0	0	4.4199	2.1173	0	0	0.98992	0.285	0	0	0.063227	0.97819	0.46021	0.70143	0	1.9474	0.79859	0.61183	0	2.3816	4.6847	0	0	5.7713	0	0
GSM774100_CF105-1973a.CEL	0.74532	2.4721	0.26516	0	0.57563	1.6189	0	0	0	0	0.50267	0.63055	1.5302	4.4288	0.83831	0	0	2.0655	0	0	1.9479	5.6966	0	0	0.51428	0	0	5.2387	0	0	0	1.6641	0	0	0	4.4035	0	0	0	5.7861	0	0.92415	0	0	0.5357	0	3.0645	0	0.16388	0	0	0	0	0.22222	0	0	0.67997	0.52506	0	0	3.1416	0	0	1.1465	0	0	0.80345	2.4316	1.3714	0.90475	6.1953	0	2.0528	0	2.1392	0	3.6141	0	0	0	0	1.7642	0	2.6255	0.82938	1.4835	1.426	0	5.0511	0	1.0812	0	0	2.158	5.8219	0	2.8707	4.8448	0.89145	0
GSM1191070_WT-pyr-1.CEL	0	0	0	0	0	0	0.17376	0	0	0	0	0.054023	6.1228	0	0	4.7752	2.673	0.074369	0	0	0	0.0068456	0.098774	0	5.4122	0	0	0	0	1.1127	0.85947	0	0.062457	0.36995	0	0	0	2.2404	0	0	0	4.1354	0	0	0	0.2449	0	0	3.5418	1.0767	0	0.1142	0	0	0	0	4.2184	0	0	6.007	3.3486	0	0	0	0.37713	0	0	0.36085	0.90049	4.0953	0	0	4.3992	0	7.1054	0	0.3126	1.368	2.8853	0	0	3.61	0.049858	0	0.080058	0	1.1362	0.16595	0	8.1214	0.44391	0	0	2.9956	0.63009	4.4385	6.1849	1.1316	1.3656	0
GSM821093_HZI0149_Pae_G1a.CEL	0	0	0	6.9835	0.51864	0	2.449	0	0	0	4.689	0.6277	0	0	0	0	6.7512	0	0	0	0	0	0	0	7.3962	0	1.4969	2.6009	0	0	0	0	0.6419	0	6.2762	0	0	0	0	3.737	1.0433	0.75916	0	0	0.09293	3.4904	0	0	1.5272	0.087173	2.0361	3.4306	0.11435	0.60301	0	0	0.18804	8.2318	1.2801	0	0	0	0.11481	0	0	1.6243	2.6635	0	0.21451	4.3562	0	0	0.09738	0	0	4.2835	0.45267	0	0	0	0	0	0	0	0.18729	0.76419	1.6644	3.9425	3.9993	0	0	3.4236	6.5655	0.67178	0	1.0928	0	0	0	0
GSM187282.CEL	0	0	0	0.16926	2.0502	0	3.9344	2.0086	3.3448	0	0	0.41928	3.5336	0	0	0.93399	10.18	0	0	0	4.2452	0	2.6237	0	0	0	0.0099937	0	0.13286	0	9.4749	0.092408	0	8.4609	0	0	1.371	0	0	2.6497	1.5855	0	0.093901	0	6.2513	0	1.3674	0	1.263	0	0	3.9802	8.0429	0	0	0	0.9294	1.5238	1.6027	0	0	0	0	0	0	0	0	3.3629	0.66806	0	4.2342	0	2.1139	0	0	0	0	0	0	0	0	0	0	0	0.11874	0.087169	0.1525	3.7827	0	0	0.33845	6.6599	0	3.7357	0	0	1.3517	0	0	0
GSM432870.CEL	0	0	0	0.11311	5.8728	2.3286	0	0	0	0	3.6559	8.1766	0.29168	0	3.322	0	0.17252	2.1084	2.6516	0	0	0.03247	1.8871	0	0.25911	0	6.3291	0	4.9714	4.4019	0	0	0.50998	0.63354	0.12755	0	0	3.2711	1.8415	0	0	1.397	0	0	0	2.6863	0	3.0272	2.6831	0	0.12975	6.0326	1.8328	0.10224	0	0	8.4235	0.80988	3.1082	4.8143	2.4023	0	0	5.6388	0	0	0.35444	0.48925	5.6769	0	0	0	0.74051	0	1.9342	0	1.3293	0	0	0	2.3789	0	0	1.1407	3.7737	0.37098	0.19566	0	0	0	0.013885	0	6.892	2.7223	1.4853	0	1.6407	0	0.28033	0
ETJan12B_1381_2012PAO6_2dR-aero.CEL	0	0	0.074866	0.60347	0	0	0.53295	0	0.20165	2.2026	0	8.5461	0	0	0.68529	0	0	2.2399	0	0	0	5.0567	0	0	0	0	0	0	0	1.0357	0	0	0	0	2.4358	5.9468	0	0	0	0	1.8995	8.9514	0	0	0	0.27476	0	0	0.061577	5.2818	0.093334	0	0	0	0	0	0.55115	0.030636	0.1375	3.8143	2.8772	0	0	0	0	0	0	0	0.14933	0.12528	0.10054	0	0	0	0	2.85	0	0	6.5823	0	0	0.11963	0	0	0.030157	0	0.12415	0	0	0	0.47151	0	0	6.6721	0	6.323	7.4677	2.734	0	4.1404
GSM1191067_sphR-pyr-2.CEL	0.49234	0	0	0	0.18051	0	0.41688	0	0	0	0	0	2.7991	0	0	5.6203	1.3002	0	0	0	0.13317	0	0	0	5.9656	0	0.3839	0	0	2.6049	0.21706	0	0.24452	0.98911	0	0	0	3.6795	0	0	0	3.0409	0	0	0	0	0	0	6.814	0	0.052922	0.19542	0.25294	0	0	0.11501	5.0761	0.94838	0.69773	5.5934	1.9198	0	0	0.010669	1.8365	0	0	0	1.2416	3.8233	0.28157	0	4.9194	0	3.0969	0	0	3.061	3.5399	0	0	5.2752	0	0	0.3228	0	3.0733	0	0	5.9168	1.0133	0	0	2.0269	0.55951	3.6703	4.5278	0	3.6125	0
GSM1662227_WFPA205_2.CEL	0	0.25919	4.6629	0.34999	1.0676	0	1.0758	0	0.10536	0	0.040641	0	0	0.33208	0.083805	0	0.0079393	0.92573	3.0096	0	0	0.65292	0.82381	0	7.7946	0	4.0319	0	2.4882	0	0	6.6819	3.2647	1.0592	0	0	0	0	0	1.191	0	0	0	2.6673	0	1.6968	0	0	0.1216	2.105	0	2.8573	0	0.23111	0	0	4.8052	3.4366	0	0	1.9401	2.08	0	0	0.46887	0	1.6342	0.039795	3.4205	0	2.6527	0	0.83091	2.9045	5.3132	0	0	0	0	0	0	0.69155	0.98742	2.796	0	1.3536	0	0	0.022349	0	0	0	0	4.6676	0	0	3.5737	2.6084	0	0.17951
FT2_aerobic_wdh_Pae_G1a.CEL	0.1029	3.1704	0	1.2804	3.7803	0	0.49472	1.4269	0	0	0.64364	0	0	0.13529	3.4289	0	6.3394	0.72464	0	4.712	4.4838	0	0	0	1.0407	0	4.5514	0	2.4114	0	0	0	0.4869	0.36886	0	0	0	1.7971	0	0	0	2.5717	4.6991	0	0	0	2.0386	0	0	0	0	0.20573	0.54237	0.30884	0	0	0.64971	2.81	3.0854	2.5608	0	0	0	0	0.08071	0	0.076623	0	1.9143	0	0	0	6.17	0	0.18255	0	0	4.145	0	0.08391	0	0.1027	0.26409	0	0.075731	2.186	0.25065	0	0	4.6963	0.00057864	3.3085	0.13957	0	2.0017	1.0845	3.927	0.56414	0	0.10105
GSM1206654_dgcA-CHO-2.CEL	0	0	0	0	0.57834	0	0.46602	0	0	0	2.4366	0.054036	0	2.1758	0	3.4462	0.68657	0	0	5.0081	0	0	0	0	0	0	7.8147	0	0	5.0613	0	0	0.37349	1.079	0	0	0	6.3053	0	0	0	6.8294	0	0	0	0	0	0	0	0	0	0.14573	0	0	0	0.40554	0.68012	5.209	0.2454	3.5702	0	0	0.34226	0	0.23405	0	0	0	0.36664	0.66626	0	0	4.7421	0	0.54375	0	1.311	5.5788	4.3646	0	0	0	0	0	0.19176	0	0	0	2.9282	0	0.77374	0	0	0	3.1163	3.1614	5.5179	0	1.7314	0
GSM187267.CEL	0.24813	0	0.47976	0.16614	5.6332	0	5.3921	0	0.49274	0	5.901	2.0971	0	0	0	4.5936	0.79147	0.41987	0	0	3.7929	0	0	0	0	3.9184	0.0082138	0	0.084964	0	5.3848	3.6604	0	5.2415	0	0	0	0	1.748	4.3584	0.68372	0	0	0	6.4524	0	0	6.0442	0	0	0	0.44854	7.8902	0	0	6.5754	0.10277	0.93982	4.6558	5.1669	0	0	0	0	0	0	0.27773	0	0	0.064081	3.2052	1.3733	0	0	0	0	0	0	0.778	0	0	0	0	0	4.262	9.2444	0	1.9692	0	0	0.081278	0	0	0	0	0	1.6789	0	0	0
GSM1517348_MK-2.CEL	0	0	4.191	1.03	0.954	1.7069	0	0	0.27979	0	0.94084	0.5089	0	0	0	3.1609	0.25089	0.62749	6.1948	0	0	2.6052	0.75283	0	0.74353	1.6305	2.3566	0	0	0	0	0	1.1389	0.56728	0	0.51555	0	0	4.9446	0.28229	0	0	0	0	2.5101	3.9052	0	0	0	0	0.25415	0.41979	4.9169	0	4.6326	0.59722	1.1217	1.0715	4.2515	2.7156	0	0	0	1.8738	0	0	0.61482	0	0	2.1228	0	0	0	0	5.5444	0	0	0	4.6633	3.7426	4.7104	1.0054	1.1647	7.2423	0.84726	0	0	0.228	0.54813	2.6002	0.63266	0.059225	0	0.96852	0	0	5.6315	0	0.51806	0
GSM261921.CEL	0	0	0	2.6418	1.8152	0	0.70547	0.60007	0	0.89114	2.8384	1.6359	0	0.58238	0	0	5.3347	2.3676	0	0	2.7616	0	0.69659	0	4.5383	0	2.7687	1.305	3.1986	0	2.193	1.8056	0.51663	0.15783	0	0	0	0	0	2.0289	0	0	0	0	1.9581	0.26175	0.36872	0	2.8254	4.7084	0.20887	9.8501	0.42578	0	0	1.7314	0.90701	2.303	1	0	0.22041	2.02	0	0	0	0	3.0104	0	0.50394	0	0	0.52051	0	0	0	3.2475	0	0	0.11373	0.21547	0.68872	0	0	0	0	4.0317	1.1879	1.248	5.5193	1.7535	4.3609	0	1.8225	0.74836	0.89835	0.64464	1.7028	1.7209	1.5232	0
GSM2070483_OCio-03-MutS-3-start-Pae_G1a-c1.CEL	1.6364	0.046797	0	0.26518	0.098554	0	0.96717	0	0	0	0.84133	0.66323	4.5275	3.0843	0.41162	0	2.3614	5.3201	0	0	1.8514	3.7334	0	0	0	0	3.9597	0	5.8378	0	0.88849	1.9025	0.44911	5.4521	0	0.65778	0	0	2.962	0	0.57623	2.5949	0	1.5476	0	0	0	4.4139	0	0	0	0	0.52621	0.47014	5.7872	0	0.90286	1.2274	0.78854	2.8446	2.0088	0.23817	6.612	1.7212	0	0	0.57081	0	0.11973	0	0	0	0	0.63372	6.1201	0	0	0.32608	0	3.6451	0	0	0.38807	0	1.5985	0	0	0	0	1.483	5.1218	2.3302	0	2.8712	0.98145	0	0	3.7921	1.6513	0.4993
GSM573323.CEL	0	0	0	0	6.6219	0	3.1377	0	0	0	0	0.72943	4.4863	0.39609	6.6319	0	0	0.92507	0.24894	2.5017	0	0	0	0	0	6.7152	0	0	0	5.488	0.11459	0.86151	1.2944	0.56591	2.9968	0	0	0	2.0146	0.43265	1.4462	0	0	0	0.11526	0	0.12774	1.985	6.2032	0	1.4306	0.50453	0	0.36858	3.6088	0.31007	1.9291	0.83222	2.8512	5.4468	4.8187	0.80104	0	0.85083	0	0	0	0.28148	2.3804	0	0	0	0	0	2.0498	0	0	0.55252	0	0	4.455	5.9654	0	0	0.019167	1.2502	0	0	1.5213	5.2268	0	0	0.0029006	0.50583	0.056835	1.2784	0	1.15	0.13055	0
0.1_2hr_CSV86(Pae_G1a).CEL	0	6.7534	0	0	0.57932	0	0	0	0	3.4539	0	0	0	5.8198	0	0	0	0	0	0	0.28946	0	5.3147	0	0	0	9.0638	0	5.8188	0.5861	0	4.5774	2.5389	0	5.6588	0	1.3768	0	0	4.3116	0	0	0	4.7634	0.011388	0	0	0	0	0	4.0464	0	6.2805	0	0	0	0	0.44126	0	0	0	0	0	0	0	4.7185	0	0	0	0.10605	0	0	1.9759	4.1192	0.0055022	0	0	4.2005	5.8534	0	0	4.0118	0	0	0.038102	0	0	8.369	0.20901	3.8905	0	0.2505	0	0	0.10987	7.1174	0	0	0	0.34616
GSM821091_HZI0146_Pae_G1a.CEL	0.68264	0	3.7739	0.75598	0	1.3911	0.21006	0	0.12165	0	9.0754	0.3875	0	0.69916	0	0.53813	0	2.9798	0.7446	0	0	0	0	0	4.3853	3.3271	0	0	0.91119	0	0.83342	1.5143	0.45081	0.4592	5.8063	0	0	0	0	1.2335	0	0.3857	0	0	4.6214	5.3238	0	0	5.4172	0	0	2.6411	5.988	0	0	3.1826	0.30385	2.419	4.3342	1.7499	0	0.08887	0	0.44391	0	0	0	0	0	6.6628	0	0.2507	0	0	0	0	0	0	0.82372	2.3703	0	0	0.10653	4.7021	0.87755	5.9094	0	2.2584	0	2.3336	2.1025	1.9267	3.2791	0.0050215	0	0.84159	0	0.10808	0	0
GSM208621.CEL	2.0941	0	4.2133	0.07233	3.1262	0	0.58106	0	0.33336	0	6.5112	1.7075	2.0092	0.60886	0	0	0	2.1414	0	0	0	0	0	0	2.1731	0.39649	2.0235	0	1.8423	0	0.69338	2.3597	0	0	5.8008	0	0	0	0.94051	0	0	0.6593	0	0.63566	0	0	0	2.9813	0	0.0016232	3.029	0.25008	1.1685	0	0	8.5266	0	1.1329	1.0583	4.406	1.1638	4.6182	5.1029	0.17196	0.48603	0	6.3289	0	0	0.78084	0	0.47775	0	3.6943	0.30413	0.16688	0	0.43931	0	0	3.4865	1.901	0	1.2202	0.34211	5.4814	0	0	0	2.3624	1.0257	0	1.2879	0	0.49837	0	0	3.9551	6.7558	2.1677
GSM1244969_PAO1-22-replicate-03.CEL	4.3384	0	4.2009	0.62188	0.91018	0	0	5.2133	0.0060905	0	0.91513	0	0	0	2.599	0	0	0	3.4551	0	0	0	0	0	0.62067	0.088313	0	0	4.5818	7.921	0	1.4732	4.2266	1.0937	0	0	0	5.3726	0	3.1739	3.4699	0	0	0	0	0	0	0	0	2.2197	1.3239	0	0.57829	0	0	1.2985	9.165	0.55234	4.2688	6.6307	0	0	0	1.3268	0.65292	0	1.5305	2.9606	0	0	0.092013	0.47774	0	3.3347	0.44256	0	0	0	0	0	0	0	0.70035	1.2361	0.88674	4.4976	0	0	1.1121	0	0	0	0	0	0	2.3869	1.1901	0.16845	0	0.26177
GSM738265.CEL	0	0	1.8968	0	0	0	2.3351	0.20518	0.85663	0	0.76737	1.3266	0	3.0228	4.9573	1.3756	2.1535	1.4755	6.8333	1.1159	0.43374	0	0	1.0812	0	0	0.4792	0	0.80552	0	0	0	1.7096	1.5037	0	0	0	0	6.94	0	3.9331	0	0	0	3.6912	0	1.9867	0	6.0186	3.2568	0	0	6.5138	0.28039	0	0	1.5816	6.4979	5.1586	3.1967	0	0	0.52886	0	0	0	0	0	0.91942	3.5517	0	0	0	0	0.20222	0	0	3.8034	0	2.4208	0	0	0.016492	0	0	0.16549	0	0.23431	0	1.1675	0.22936	0	0	0.89703	0	0	0	0.18448	0	1.7169
GSM711451.CEL	0	0	0	0.30849	1.7374	0	4.055	1.2359	0.2533	0	0.24115	0.6911	0.20855	3.4457	5.1392	0	4.215	0.58281	0	0	0.092288	5.0531	0	0	0.4954	0	2.3901	0	0	0	0.28814	3.5351	0.66855	0.54366	0	0	0	0.84265	4.4659	0	0	0	0	0	0.58719	0	0.033927	1.4137	0	0	0.4425	0	0.10149	0.27295	3.4354	0	0.41427	1.5284	2.4147	3.6545	0.32335	4.1994	6.591	0	0.35734	0	1.0239	2.1543	0	0	0	3.7704	0.49129	0	0.13357	0	0	0	0	7.0816	0	0.18711	0	0	0.28455	6.6951	0	0	1.4584	0	0.62716	0.47073	0	1.1263	0.20224	0	1.3226	2.5493	0	0
GSM774150_B38-1_3.CEL	0	1.0198	0.56665	0	1.7763	4.8926	0	0	5.2457	1.0762	4.4664	2.0042	0	5.0528	0.42216	4.9486	0.2002	2.7332	0	0.92949	1.2103	0	0	0	5.4587	0.236	0	3.5603	0.20418	0.12903	0	1.2423	0.64712	0	0	0.15496	3.2838	0	0	0	0	0.56825	0	0	0.56844	3.8795	2.0187	0.57546	0	0	0	0.50994	1.9989	0.48958	0	0	1.8682	0.9946	0.20751	0	3.9055	4.7431	0	0	0	0	2.6089	1.8949	0	0.29004	4.1242	0	1.4156	0	0	3.236	0	0.64425	0	0	0.17997	0.34475	0	0	0.57276	0.93134	0.71663	0.30819	0	0	0.28858	0.22305	0	0.68085	1.636	0.18723	0	5.307	0	0
GSM854800.CEL	0	0	0	0	0.7087	5.5049	0.27315	0	0	0	0.048368	0.74381	0.89464	0	3.4903	5.5496	10.158	0	0	0	7.752	0	0	0	0.43764	0	3.0279	0	1.853	0	0.30869	0	0	0.31138	0	0	0	0	0	4.363	0	0	0	0	1.4789	0	0	0	0	9.21	0	1.0914	0	0.27821	3.5399	0.018669	0.39295	0.85794	0	0	0	0.92634	0	0	0	1.5249	0.017639	6.543	0	0.0013695	0	0.60816	4.7373	4.429	0	0	0	0	1.0756	6.1915	0	0	0	0	0	6.3781	0	6.5576	0	0	1.7188	0	7.1091	0	0	0	0	0	0	0
GSM637584.CEL	0	0	4.3505	0	0	0	3.8367	1.9224	5.7874	0	0	0.1783	2.9759	0.98115	0.089378	0	8.2763	0	0.10987	0	0	4.5124	0	0	0	0	0	0	1.0129	0	1.2311	0	1.8566	0.046831	0	0	0	0	0	0	0	2.9864	6.6128	0	5.5262	0	0	0	0	0	0.2458	0	0.35612	0	5.7333	0.50259	1.1316	5.4575	0.11787	5.9228	2.4995	0	0	0	0	0	0	7.4183	0	1.1905	0.30607	0	0	2.3603	0.3384	3.0949	0	2.0493	4.6544	0	2.0269	0.57056	0	0	0.46518	0	0	4.4605	0.70163	0	0	1.1026	0	0	0.16366	4.7326	0	0	0.1404	0.38147
GSM546277.CEL	0.67639	0.076865	0	0	0.20246	0	0	1.6529	5.1782	0	0	0	5.092	6.2501	0	0	2.6518	1.8698	7.3108	0	0	2.3438	3.5061	0.65931	0	0	0.046366	0.68563	0.16004	0.44211	7.219	0.90575	0	0.21645	0.33116	0	0	0	0	0	0	0	0	0	0	0.8553	1.702	0	2.4935	0	0	1.6464	2.3135	0	0	0	0.82811	0.95163	0	1.406	3.4752	0	0	1.6062	0	0	0.84685	4.2399	1.0478	0	0.38836	0	0	0	2.1143	1.5059	0	0	0	1.5317	0.072744	1.5228	0.43857	2.0749	0.30458	0	0.48347	0.27126	1.8093	0	1.3239	6.76	0	5.2851	0	0	2.0253	1.3998	0	0
GSM92176.CEL	0	0	5.9214	0.24638	0.84877	1.613	0	3.5031	0	0	2.5272	0	0.51192	0	1.6535	2.6935	0.35864	0	3.5714	0	0	3.9169	0.71372	0	0.09983	0.80041	1.68	0	0	0	0	0	0.32751	0.14337	0.30836	0.3758	0	2.6958	1.9096	0.055297	0	0	0	0	4.5999	3.2156	1.3485	0	6.1501	0	1.2187	0.28488	3.5664	0	0	3.2896	2.8936	0.98223	5.4383	0.77012	0	0.29421	0	3.9929	0.0027675	0.029531	0.58599	0	5.6825	5.4386	0	0	0	1.1924	2.7096	0	0	0	0	6.8542	0	0.11547	0.31437	6.4515	0	1.1414	0	0.66704	0	0	0	0	0	0	0	0.056338	0	0	0.8563	0
GSM774092_CF66-1973b.CEL	1.1631	0	0	1.7769	0.76721	0.7148	0	0	0	0	5.91	1.2513	0	3.0277	0	0	1.7999	7.3612	0.57948	0	2.6832	0.47241	0	0	6.0498	0	0	2.5607	0	0	0	0.39359	0.3401	0	0	0	0	0	0.8069	7.9977	0	0.34936	0.62825	0	0	0	0	3.5102	0	0	0	0.082788	0.97924	0.23624	0	0	0.053184	2.6143	0	0.10617	4.8255	0	0	1.479	0.30525	0	3.2841	0	1.9881	0.4774	5.3293	0	0.65525	0	0.50632	0	5.0467	0	0	0	0.6601	0.96264	0	0.23217	0	0.23156	0.12376	0.38769	5.9023	0	0.67171	0	0	1.9409	2.757	0	0.16599	4.4341	0	0
GSM261927.CEL	0	0	0	0	1.3134	0	0.45301	0	0	4.3358	0	2.89	0.70921	0.56188	0.18096	0	7.5209	0.49831	0	1.7525	0.83833	4.9363	0	0	0	0	0.66665	0	1.5861	0	2.8788	7.979	0	0.66251	0	0	0	0	1.1963	2.5968	0	0	0	0	0	0	0	0	0	4.7445	0	3.4628	0.3535	0	0	0	0.091339	1.0048	0	3.234	0.66829	0	0.013151	0.11911	0.0033251	0	0.68226	0	0	3.4191	0	0.045348	0	0	3.0388	0	0.73372	0	0.46708	1.5399	0	0.69597	0	4.4749	0.43442	5.9058	0.26255	0	2.9357	0	5.3442	0	1.3322	0	4.4864	0	4.854	0.63564	6.8979	0
GSM1937530_50-38_B.021511_Pae_G1a_.CEL	0.26267	0	0	0.6749	0.98317	0	2.0305	0	0	0	6.3192	0.96137	5.7292	3.2563	0.19558	0	0.27437	0.37374	0	0.49553	0.3489	3.6316	0	0	0	0.31332	1.8837	0	1.7459	0	0	6.3215	0	0	0	0	0.66315	0	0	0.50919	0.89519	0.33213	1.3968	0	0	0.46721	5.8184	0	0	2.5229	0	6.0526	0.34748	0	0	5.0736	0.058395	0.87279	0.079157	0	0.8967	3.603	1.3827	0	0	0	0.54653	0.56034	1.0354	0	3.1337	0	2.3721	0.1374	3.7476	0	2.1996	2.6807	0.3573	0.82304	4.3761	0.062989	0	0	0	0.058402	0	0	0	0	0	0.018934	0.23074	0.49523	1.3691	0.046219	0.64807	5.1427	1.4407	1.9744
GSM267258.CEL	0	0.034698	0	2.4552	1.4082	0	0	1.2577	0	0	0.17177	2.1242	1.1216	0	2.0404	0	2.0771	0.67971	0	2.4413	2.0352	0.20843	2.8875	0	3.6228	0	9.8414	0.41908	2.9366	1.2635	0	0.080347	0.56043	0.35085	0	0	1.4904	0	0	0.87004	0.14162	1.4031	0.61183	0	0	0.8735	2.617	0	3.4216	0	0	3.992	0.26395	0	0.21235	0	4.5815	4.128	5.087	0	0.15558	0	0	5.5996	0	0.35069	2.9656	0	7.558	0.93855	0.69442	0	0	0	2.8131	0	0	0	0	0.52519	5.0837	1.2847	0	0	3.3212	0	0.11857	0	0.56656	4.7974	0	0.13195	2.0474	0	0	0	0	0	0	0
