	0	1	2	3	4	5	6	7	8	9
GSM954579_Nomura_PA01-4_Pae_G1a_.CEL	0.12965	0.96655	0	0.93619	0	5.4773	0.8785	6.3602	1.3382	5.7496
GSM567682.CEL	0	0	0	1.4203	0	5.6465	7.521	0.92509	0	0
GSM637595.CEL	0	0	0	1.4203	0	5.6465	7.521	0.92509	0	0
GSM617295.CEL	1.4366	0	0.35106	0.37994	0	6.1767	0.9825	4.6387	0.13353	0.86032
MBU_JGOLD_PAO11.CEL	0	0	0	0.32625	0	7.1374	1.9274	0	1.7423	6.6949
anaerobic_NO3_2.CEL	2.212	0	0.049831	0	0	6.6622	0.88629	3.8841	0.27051	4.6108
GSM838212_PAO1-LB-1_Pae_G1a.CEL	0	0.23028	0	2.2948	0	4.9097	1.8844	6.364	0.28509	4.7812
GSM954578_Nomura_PA01-3_Pae_G1a_.CEL	0.2782	0.90198	0	1.3316	0	5.389	1.1039	6.6802	1.1043	6.223
GSM821499.CEL	0	0.71669	0	2.3447	0	5.806	0.30184	7.5132	0.92529	3.3295
GSM864519.CEL	1.0672	0	1.1765	2.6811	0.43183	5.9237	4.19	3.8167	0.51115	3.711
GSM541647.CEL	0	0.062177	0.31005	0	0	8.4574	0.68378	0	2.7608	1.8845
GSM838213_PAO1-LB-2_Pae_G1a.CEL	0.050358	0	0	2.1858	0	5.0228	1.9719	6.7097	0.30691	4.5501
GSM1608070_Biofilm+12hrtobra_rep1.CEL	0	0.58789	0.5267	3.7412	0	7.4764	2.1654	0	2.4429	0.58731
GSM1244969_PAO1-22-replicate-03.CEL	0.031909	0	0	0.56987	0	5.3281	7.6909	7.0835	0	0
GSM546258.CEL	5.8758	0.27048	0	8.5172	0.32419	5.9948	0.87038	0	0	1.1457
GSM617296.CEL	1.5671	0	0.77413	0.54131	0	6.4879	0.58638	5.4478	0.11873	1.224
GSM954581_Nomura_PA2449-2_Pae_G1a_.CEL	0.67017	1.3599	0	4.2596	0	6.0285	0.76587	3.7069	0.70066	5.1467
GSM821503.CEL	0	0.89643	0	5.7072	0	6.4078	1.1907	4.359	1.3083	2.0447
GSM685450.CEL	0	0.065098	0	1.4532	0	5.8336	6.8404	3.331	0	0
GSM573327.CEL	0.87968	0	0	8.1352	0	5.4224	1.066	1.5659	0	7.6199
GSM663169_BM-Mix-Pa_2_6-6-08_s1.CEL	0	0.39489	0	6.6995	0	7.1817	0	1.5329	0.56293	2.3537
GSM740020.CEL	5.5963	0	0	2.0442	1.7046	6.3182	0.93765	7.3285	0.3015	3.0819
GSM546256.CEL	4.7733	0.13442	0	7.7537	0.13475	6.5574	0.39004	0.27221	0	1.2776
GSM821496.CEL	0	0.96366	0	2.3891	0	6.2209	0.40895	7.5826	0.98899	3.8767
GSM349047.CEL	5.4141	0	0	1.9193	1.7037	6.823	0.26572	7.2198	0.24772	2.515
GSM261925.CEL	1.8226	0	0	4.0711	0	8.1531	0	0.15397	0.27749	0
GSM637582.CEL	0	0	0	0.98615	0	7.4093	6.1337	1.0418	0	0
GSM318716.CEL	4.7978	0	0	1.3797	1.3536	6.8871	0	7.0708	0.47348	1.8503
GSM349045.CEL	5.0057	0	0	2.099	1.3837	7.0652	0.10684	6.9712	0.31119	1.7776
GSM821501.CEL	0	0.57618	0	6.0972	0	6.3595	1.1791	4.659	1.0155	2.6062
GSM821502.CEL	0	0.79687	0	5.3255	0	6.8487	0.93138	4.9975	0.99584	2.9154
GSM637579.CEL	0.1047	0	0	1.1385	0	8.0874	6.7551	0.34919	0	0
MBU_JGOLD_PAO12.CEL	0	0	0	0.31143	0	8.5249	2.0773	0	2.2761	5.973
GSM897995_MHH0094_Pae_G1a.CEL	0.32337	0	1.7596	0.22823	0	9.4918	0	2.1269	0.13486	3.112
GSM541643.CEL	0.92029	0.11839	1.2311	0.77819	0	9.1747	0	2.5943	0	3.6785
GSM994496_PAO1-replicate-01.CEL	0	0.076256	0	2.6842	0	6.7984	8.5035	7.2097	0	0
GSM1244970_PAO1-37-replicate-01.CEL	0	0.076256	0	2.6842	0	6.7984	8.5035	7.2097	0	0
GSM546266.CEL	4.7836	0	0	7.6602	0	8.3894	0.1879	0	0	1.2157
GSM864520.CEL	1.21	0	1.4118	3.5057	0.41715	7.4061	5.4306	4.6272	0.10418	4.1303
GSM994497_PAO1-replicate-02.CEL	0	0.092636	0	2.8917	0	7.2862	8.6392	7.4331	0	0
GSM1244971_PAO1-37-replicate-02.CEL	0	0.092636	0	2.8917	0	7.2862	8.6392	7.4331	0	0
GSM741214.CEL	0	0	0	1.7896	0	9.5036	4.4356	0	0	9.5244
GSM741203.CEL	0.30242	0.068842	0	4.1636	0	8.3967	4.6782	2.2711	0	9.782
aerobic_NO3_1.CEL	6.6273	0	0	4.8033	1.9247	9.1832	1.3078	4.4881	0.17476	1.7287
GSM897996_MHH0095_Pae_G1a.CEL	0.37086	0	1.5596	0.44237	0	10.236	0.054659	2.0378	0.082847	3.3791
GSM1244972_PAO1-37-replicate-03.CEL	0	0.079708	0	2.8076	0	7.9936	8.6802	6.9379	0	0
GSM994498_PAO1-replicate-03.CEL	0	0.079708	0	2.8076	0	7.9936	8.6802	6.9379	0	0
GSM741212.CEL	0	0	0	1.9293	0	10.072	4.336	0	0.045315	8.9338
GSM741211.CEL	0	0	0	2.2249	0	10.229	4.8351	0	0	9.1961
GSM741209.CEL	0	0	0	2.4657	0	10.193	5.0294	0.062158	0	9.9195
GSM741210.CEL	0	0	0	2.2926	0	10.263	5.1608	0	0	9.6225
GSM637581.CEL	0	0	0	1.6918	0	9.8806	6.2554	1.6991	0	0
GSM741204.CEL	0.2416	0	0	4.2837	0	9.4493	4.9366	2.2656	0	9.7808
GSM741208.CEL	0.38424	0	0	4.2285	0	9.6077	5.3459	2.3049	0	9.8981
GSM741205.CEL	0.097335	0	0	3.9131	0	9.7901	5.4424	2.0506	0	9.5405
GSM741213.CEL	0	0	0	1.9879	0	10.656	4.6317	0	0	9.4447
GSM637575.CEL	0	0	0	0.7153	0	10.78	8.0592	2.2598	0	0
GSM567676.CEL	0	0	0	0.7153	0	10.78	8.0592	2.2598	0	0
GSM741207.CEL	0.83377	0	0	4.7819	0	9.7331	5.8467	2.3512	0	9.7411
GSM741206.CEL	0.42935	0	0	4.5095	0	10.055	6.0358	2.3429	0	9.923
