	0	1	2	3	4	5	6	7	8	9
Glu_6Hour_(Pae_G1a).CEL	6.7398786544799805	0.0	0.0	5.70363187789917	0.0	6.582232475280762	0.0	0.0	0.0	0.0
JS-A84.9.07.CEL	8.86330795288086	0.0	0.0	0.9941893219947815	0.13427108526229858	4.0595221519470215	0.0	0.0	0.0	0.0
GSM774141_B12-0_3.CEL	0.0	0.0	5.068711280822754	3.8015732765197754	4.075685501098633	0.0	0.5545918941497803	0.0	0.0	3.538054943084717
GSM774136_B6-4_1.CEL	0.0	0.011753380298614502	5.65267276763916	4.405594825744629	2.8298020362854004	0.0	0.0	0.0	0.13860061764717102	3.6066813468933105
120330-10978D_M4_(Pae_G1a).CEL	0.0	0.0	0.0	0.0	4.400870323181152	0.10750854015350342	0.0	5.369583606719971	0.0	3.327132225036621
GSM1421003_EXdnr_control2.CEL	0.0	0.0	6.762470245361328	3.474700450897217	0.5767611861228943	0.0	0.0	0.0	1.184088110923767	2.645718574523926
GSM774138_B6-4_3.CEL	0.0	0.0	6.777997970581055	3.40976619720459	2.609786033630371	0.14403820037841797	0.0	0.0	0.831794261932373	3.9407968521118164
GSM1420994_anr_control1.CEL	0.0	0.04043355584144592	7.444400787353516	3.1140167713165283	0.8877289295196533	0.0	0.0	0.0	1.7569849491119385	2.1930649280548096
GSM774104_CF114-1973b.CEL	0.0	0.0	5.379451751708984	4.243331432342529	3.5117270946502686	0.20721879601478577	1.678731918334961	0.0	0.0	4.93211555480957
GSM774100_CF105-1973a.CEL	0.0	0.0	5.334628105163574	2.696758270263672	5.567076683044434	0.0	0.0	0.0	0.0	4.762692451477051
GSM774135_B6-0_3.CEL	0.0	0.0	6.912046432495117	3.3311972618103027	2.889812469482422	0.0010352134704589844	0.13137006759643555	0.0	0.744433581829071	3.874096393585205
GSM432864.CEL	0.0	0.5032323598861694	5.644381523132324	4.159999847412109	0.5382984280586243	0.6472427248954773	0.0	0.0	1.2984447479248047	5.427785873413086
GSM774101_CF105-1973b.CEL	0.0	0.0	4.572195053100586	2.9178967475891113	5.152772426605225	0.14445850253105164	0.0	0.0	0.0	4.5978474617004395
GSM774142_B12-4_1.CEL	0.0	0.0	5.790836334228516	3.4315412044525146	4.041975021362305	0.027396082878112793	0.5088285207748413	0.0	0.0	3.627072334289551
GSM1267112_HZI1978_G1a.CEL	0.3015907406806946	0.0	0.0	0.0	0.6555002331733704	0.7209371328353882	4.552797794342041	3.3543763160705566	5.864434719085693	5.74934196472168
GSM1267109_HZI1975_G1a.CEL	0.3953203856945038	0.0	0.0	0.0	0.6513386368751526	0.803115725517273	4.3412089347839355	3.3501133918762207	5.6961750984191895	5.5367021560668945
GSM1420996_anr_NO1.CEL	0.0	0.0	7.195533752441406	2.577284812927246	1.2803006172180176	0.055201590061187744	0.028951287269592285	0.0	2.3810319900512695	1.2523767948150635
GSM774105_CF114-1973c.CEL	0.0	0.015573561191558838	5.821535110473633	3.5310816764831543	3.3547582626342773	0.11280184984207153	1.9146935939788818	0.0	0.0	4.784467697143555
GSM774102_CF105-1973c.CEL	0.0	0.0	4.4904375076293945	2.968931198120117	5.233874797821045	0.09948056936264038	0.0	0.0	0.0	4.550990581512451
GSM1420995_anr_control2.CEL	0.0	0.0	7.550586700439453	3.2599387168884277	0.7670081853866577	0.0	0.0	0.0	1.7036705017089844	2.3900086879730225
GSM1267104_HZI1970_Pae_G1a.CEL	0.0	0.0	0.0	0.0	0.37046051025390625	1.0226999521255493	5.016202449798584	4.148292541503906	6.574539661407471	6.69695520401001
GSM774144_B12-4_3.CEL	0.0	0.0	5.717872619628906	3.5203723907470703	4.191049098968506	0.0	0.5434584617614746	0.0	0.0	3.7408523559570312
GSM954576_Nomura_PA01-1_Pae_G1a_.CEL	1.6368069648742676	0.0	0.3271864056587219	6.397726535797119	0.3124281167984009	0.308318167924881	5.462550163269043	5.432547092437744	3.001739501953125	0.0
JS-T24.9.07.CEL	9.61408805847168	0.0	0.0027132630348205566	1.200096607208252	0.1413816213607788	3.3918185234069824	0.0	0.0	0.08117479085922241	0.0
GSM774161_PAO1b.CEL	0.0	0.033543527126312256	5.931130409240723	5.2796149253845215	1.4167190790176392	0.22799232602119446	0.0	0.0	1.1093032360076904	3.9780893325805664
GSM432865.CEL	0.0	0.3703923523426056	5.431765556335449	4.034390449523926	0.7518765926361084	0.6494813561439514	0.0	0.0	0.9847801327705383	5.7199931144714355
GSM1420997_anr_NO2.CEL	0.0	0.0	6.958551406860352	2.7825379371643066	1.2121886014938354	0.23600298166275024	0.0	0.0	2.171050548553467	1.7548730373382568
GSM774139_B12-0_1.CEL	0.0	0.0	5.3263702392578125	3.801464080810547	4.1588945388793945	0.06322735548019409	0.40757137537002563	0.0	0.0	3.4548025131225586
GSM774103_CF114-1973a.CEL	0.0	0.051391541957855225	5.318717002868652	3.9754233360290527	3.4267711639404297	0.12892547249794006	1.944840431213379	0.0	0.0	4.735270023345947
GSM774147_B12-7_3.CEL	0.0	0.10815435647964478	4.815922737121582	4.686185359954834	3.886836290359497	0.0	0.5703226923942566	0.0	0.0	3.3948192596435547
GSM1267103_HZI1969_Pae_G1a.CEL	0.0	0.0	0.0	0.0	0.3975907862186432	1.0555262565612793	5.143862247467041	4.191739559173584	6.3755269050598145	6.492558002471924
GSM774162_PAO1c.CEL	0.0	0.040817052125930786	5.858159065246582	5.090971946716309	1.4729888439178467	0.2996158003807068	0.0	0.0	0.9370486736297607	4.690725326538086
GSM1267110_HZI1976_G1a.CEL	1.9177807569503784	0.0	0.0	0.0	0.3376382887363434	0.6571548581123352	3.3774867057800293	2.194272756576538	4.498287200927734	4.102556228637695
GSM432871.CEL	0.0	3.1903703212738037	1.0183937549591064	0.2642793655395508	1.3192988634109497	0.7409460544586182	4.11306619644165	2.312737464904785	5.877675533294678	0.0
JS-1B4.9.07.CEL	7.8460211753845215	0.0	0.0	4.441276550292969	0.0	4.18176794052124	0.0	0.0	0.0	0.0
GSM1267111_HZI1977_G1a.CEL	1.7858020067214966	0.0	0.0	0.0	0.20887863636016846	0.5167149305343628	3.2501394748687744	2.523615598678589	4.755992889404297	4.282087802886963
GSM774160_PAO1a.CEL	0.0	0.0	6.669709205627441	4.1538543701171875	1.2790833711624146	0.19171634316444397	0.0	0.0	1.3097879886627197	4.194049835205078
GSM1267113_HZI1979_G1a.CEL	0.22573880851268768	0.0	0.0	0.0	0.6163315773010254	0.7381707429885864	4.451601505279541	3.4331252574920654	5.917524814605713	5.70592737197876
GSM842844_Wright_6_WT-stat-3_Pae_G1a.CEL	0.6002883911132812	0.0	0.0	0.17096960544586182	8.621352195739746	1.6507141590118408	0.0	4.271174907684326	5.176305770874023	2.314380407333374
GSM854796.CEL	0.47824639081954956	0.0	1.4421064853668213	0.0	0.011165738105773926	1.8189384937286377	0.4890708327293396	1.1034902334213257	0.0	0.0
GSM774140_B12-0_2.CEL	0.0	0.0	5.244668960571289	3.7440128326416016	3.8589112758636475	0.0	0.29071587324142456	0.0	0.0	3.453319549560547
GSM774133_B6-0_1.CEL	0.0	0.0	7.152408599853516	2.9317502975463867	2.7986724376678467	0.16413813829421997	0.0	0.0	0.5528663992881775	3.9992661476135254
DC2.CEL	1.517300009727478	0.0	0.3591316342353821	0.0	0.18864858150482178	0.4019838571548462	0.601272702217102	0.07588952779769897	2.4360122680664062	2.1778793334960938
GSM774137_B6-4_2.CEL	0.0	0.0	5.371617317199707	3.7602686882019043	2.7924962043762207	0.0	0.0	0.0	0.11121070384979248	3.3891310691833496
GSM198188.CEL	0.9364644289016724	0.0	0.0	0.0	6.641113758087158	2.2683956623077393	0.0	1.5777798891067505	4.8597869873046875	1.45131516456604
120330-10978D_23_(Pae_G1a).CEL	0.8865640163421631	0.0	0.0	0.0	6.503557205200195	0.09457316994667053	0.0	7.027532577514648	0.6111254096031189	2.5534868240356445
GSM1133191_Weiqing_He_D-Glu-2_022410.CEL	0.0	0.0	0.0	0.0	1.3577247858047485	0.0	0.3068696856498718	3.2546544075012207	6.429573059082031	7.599074363708496
GSM774143_B12-4_2.CEL	0.0	0.008430719375610352	5.808816909790039	3.4084057807922363	4.107675552368164	0.0	0.6392393112182617	0.0	0.0	3.6434993743896484
GSM1191067_sphR-pyr-2.CEL	0.0	8.695261001586914	0.0	0.0	0.42735564708709717	4.822521209716797	0.0	0.0	0.0	0.0
GSM842845_Wright_7_4203-log-1_Pae_G1a.CEL	0.0	2.7866756916046143	0.4868110418319702	0.910123348236084	9.175643920898438	2.8326826095581055	0.0	0.0	5.129581928253174	7.5741071701049805
GSM774146_B12-7_2.CEL	0.0	0.05881670117378235	3.838744878768921	5.564085006713867	4.564016342163086	0.029310762882232666	0.452400267124176	0.0	0.0	3.1068243980407715
GSM774145_B12-7_1.CEL	0.0	0.0034064054489135742	3.862126588821411	5.334873676300049	4.366269111633301	0.13467910885810852	0.4277612864971161	0.0	0.0	3.1309211254119873
GSM774132_CF333-2007c.CEL	2.358346939086914	0.06956285238265991	2.684237003326416	1.4628527164459229	7.805037498474121	0.0	0.0	0.0	0.0	0.0
GSM1267086_HZI1981_G1a.CEL	0.9124529361724854	0.0	0.0	0.0	0.23790961503982544	0.5387184023857117	4.299112319946289	3.3461461067199707	5.261509418487549	4.357659816741943
GSM842846_Wright_8_4203-log-2_Pae_G1a.CEL	0.0	2.6601791381835938	0.3974195420742035	0.7745246291160583	9.080118179321289	2.893160343170166	0.0	0.0	5.052335262298584	7.530460834503174
GSM1267102_HZI1968_Pae_G1a.CEL	0.0	0.0	0.0	0.0	0.22392213344573975	1.0099537372589111	4.927574157714844	3.644786834716797	6.160048007965088	6.162714004516602
GSM842850_Wright_12_4203-stat-3_Pae_G1a.CEL	0.06797285377979279	3.615586519241333	0.0	0.0	7.777773380279541	2.319880723953247	0.0931251049041748	6.03439474105835	5.4519782066345215	3.7838077545166016
GSM252496.CEL	3.359084129333496	0.0	1.7970664501190186	3.316481113433838	1.6987615823745728	3.262911319732666	1.7630841732025146	0.0	0.0	4.356999397277832
GSM767700.CEL	0.0	0.0	0.3365479111671448	0.0	1.9466880559921265	0.002985358238220215	0.0	7.857008934020996	0.0	0.0
GSM842849_Wright_11_4203-stat-2_Pae_G1a.CEL	0.0	3.5319879055023193	0.0	0.0	7.917937755584717	2.598994255065918	0.0	5.990611553192139	5.380616188049316	4.202815532684326
