	0	1	2	3	4	5	6	7	8	9
GSM1143378_B1_Pae_G1a_.CEL	0.28225624561309814	0.0	0.8852264881134033	3.4067294597625732	1.133164644241333	0.18115025758743286	5.951548099517822	0.5363141894340515	0.0	3.600435495376587
GSM1143380_B3_Pae_G1a_.CEL	0.2777986526489258	0.0	0.820515513420105	3.4236135482788086	1.1686558723449707	0.12039428949356079	5.747224807739258	0.4815365672111511	0.0	3.830017328262329
GSM1237737_M9_PAOSX_1_51059600653060050411410396750419.CEL	0.6143752336502075	0.0	6.71423864364624	2.6540021896362305	1.3601579666137695	0.30544936656951904	0.3077055513858795	0.0	0.0	4.140946865081787
GSM1237738_M9_PAOSX_3_51059600653060050411410396750359.CEL	0.9471170902252197	0.0	7.296473979949951	2.3739187717437744	0.8979946970939636	0.3232530951499939	0.26744648814201355	0.13907797634601593	0.0	3.6307485103607178
GSM1237739_M9_PAOSX_4_51059600653061050411410396750526.CEL	0.75010085105896	0.0	6.668854713439941	2.5070626735687256	0.5638335943222046	0.30043303966522217	0.871722936630249	0.0	0.0	2.602785587310791
GSM1246482_PA14bvlR_pME6032_rep2.CEL	3.5433483123779297	3.040391206741333	0.0	2.373624324798584	0.033521413803100586	0.0	2.8836400508880615	0.0	0.7359805107116699	0.0
GSM1246486_PA14bvlR_pMEbvlR_rep3.CEL	3.755167007446289	3.6218154430389404	0.0	3.0282745361328125	0.41880494356155396	0.0	3.6829833984375	0.0	0.6602916717529297	0.2852511405944824
GSM1267091_HZI1954_Pae_G1a.CEL	0.0	0.0	4.203949451446533	0.0	4.3679046630859375	0.0	3.47086238861084	0.0	0.0	1.9783809185028076
GSM1267093_HZI1956_Pae_G1a.CEL	0.0	0.0	3.5239105224609375	0.0	5.199873924255371	0.0	3.54382586479187	0.0	0.0	2.2608110904693604
GSM1267094_HZI1958_Pae_G1a.CEL	0.0	0.0	1.8093503713607788	0.0	2.982421875	0.0	2.2574753761291504	0.0	0.0	1.4052307605743408
GSM1267095_HZI1959_Pae_G1a.CEL	0.187333345413208	0.0	0.30151644349098206	0.0	1.5180388689041138	0.0	1.6642403602600098	0.38858461380004883	0.0	1.3211489915847778
GSM1267096_HZI1960a_Pae_G1a.CEL	0.042546749114990234	0.017864853143692017	3.7820849418640137	0.0	4.957369327545166	0.0	3.6723220348358154	0.0	0.0	2.5186476707458496
GSM1267097_HZI1961_Pae_G1a.CEL	0.1624770164489746	0.0	3.512004852294922	0.53931725025177	2.788726329803467	0.0	2.6240522861480713	0.0	0.0	1.1515706777572632
GSM1267098_HZI1962_Pae_G1a.CEL	0.15378272533416748	1.1384100914001465	4.29845666885376	0.7813283205032349	3.090668201446533	0.0	2.821434497833252	0.0	0.10112780332565308	1.4715526103973389
GSM208602.CEL	4.165202617645264	0.05301237106323242	1.1249277591705322	3.11185622215271	0.0	0.0	3.0339245796203613	0.0	0.0	4.057919025421143
GSM208604.CEL	3.278489112854004	0.0	0.3797781765460968	2.83205246925354	0.0	0.0	2.7007534503936768	0.0	0.0	3.553154468536377
GSM208606.CEL	2.8137693405151367	0.0	0.10099542140960693	2.5314011573791504	0.0	0.0	0.435024619102478	0.0	0.0	2.090141773223877
GSM208613.CEL	4.196063995361328	0.1959308385848999	1.3377132415771484	2.741147994995117	0.0	0.0	0.0	0.0671398937702179	0.0	4.342971324920654
GSM208614.CEL	3.8285999298095703	1.2393476963043213	1.3913085460662842	3.1252312660217285	0.0	0.0	0.31490033864974976	0.08753900229930878	0.0	4.959296703338623
GSM208615.CEL	0.0	0.0	1.1722588539123535	2.866135358810425	0.0	0.03471684455871582	0.0	0.0	0.0	1.761491298675537
GSM208616.CEL	0.0	0.0	2.6558399200439453	3.809450387954712	0.0029197335243225098	0.0	0.0	0.288118839263916	0.3679395318031311	4.203767776489258
GSM208618.CEL	0.11439800262451172	0.22666293382644653	4.480592250823975	3.131281614303589	0.0	0.0	0.0	0.2690846621990204	0.0	5.021646499633789
GSM208619.CEL	0.1910485029220581	0.0	3.1263537406921387	2.9376766681671143	0.0	0.0	0.0	0.4663223922252655	0.0	3.9264132976531982
GSM208620.CEL	0.0	0.0	2.2477431297302246	3.050152063369751	0.0633208155632019	0.0	0.0	0.1603529453277588	0.0	2.795767068862915
GSM208621.CEL	0.0	0.40032219886779785	4.4424943923950195	4.947741508483887	0.30047985911369324	0.18372708559036255	0.032398223876953125	0.01173216849565506	0.3822433352470398	4.480475425720215
GSM252559.CEL	3.878929615020752	1.1832249164581299	0.0	0.0	2.2450926303863525	0.527694582939148	4.555503845214844	4.22452449798584	0.0	1.2277209758758545
GSM252560.CEL	4.323336601257324	1.7741847038269043	0.31253567337989807	0.0	2.1978366374969482	0.349804162979126	5.174468517303467	3.786703586578369	0.0	1.2317954301834106
GSM252561.CEL	3.83895206451416	0.5915735363960266	0.0	0.0	2.8703689575195312	0.33591723442077637	4.54880428314209	4.055243015289307	0.0	0.6983476877212524
GSM252562.CEL	4.682110786437988	1.1728253364562988	0.9333682060241699	0.0	1.2350554466247559	0.08862811326980591	5.654891490936279	3.86301851272583	0.0	0.12365716695785522
GSM261916.CEL	1.0694817304611206	0.0	0.0	1.0946983098983765	0.0	0.5618453025817871	0.8138684034347534	0.9089791178703308	0.0	0.0
GSM261922.CEL	3.701134204864502	0.0	0.0	5.093975067138672	0.0	0.0	3.4227724075317383	0.0	0.0	0.0
GSM261927.CEL	4.24873685836792	0.0	0.0	3.4373207092285156	0.0	0.0	3.7455813884735107	0.0	0.0	0.0
GSM261933.CEL	3.1904234886169434	0.0	0.0	2.4000768661499023	0.0	0.727881669998169	3.2640976905822754	0.0	0.0	0.0
GSM424832.CEL	0.0	0.0	0.0	0.0	0.0	0.4773397445678711	0.0	0.6412686705589294	0.0	0.0
GSM424833.CEL	0.0	0.0	0.0	0.0	0.0	0.4918762445449829	0.0	0.6885327100753784	0.0	0.0
GSM424834.CEL	0.0	0.0	0.0	0.0	0.0	2.090542793273926	0.0	0.7460808157920837	0.0	0.0
GSM429476.CEL	0.0	0.0	0.0	0.5590672492980957	0.0	2.9762043952941895	0.16744866967201233	1.716840147972107	0.0	1.5069630146026611
GSM429480.CEL	0.5017127990722656	0.0	0.0	1.6980137825012207	0.0	0.6672894954681396	0.5960572957992554	1.3831263780593872	0.0	2.404811143875122
GSM429481.CEL	0.32794618606567383	0.0	0.0	1.5008976459503174	0.0	0.9528510570526123	0.4765419363975525	1.5341795682907104	0.0	2.055164098739624
GSM432869.CEL	0.01820516586303711	0.0	2.958035945892334	1.4449101686477661	1.9294495582580566	0.0	5.033178329467773	0.48798108100891113	0.0	4.054624080657959
GSM45591.CEL	0.05040311813354492	0.0	0.0	0.2080879807472229	0.0	1.9467016458511353	1.1349068880081177	2.812513828277588	0.0	0.0
GSM462354.CEL	4.21633243560791	3.481159210205078	0.0	0.0	1.8045355081558228	0.0	6.113661766052246	0.0	0.0	0.26250749826431274
GSM617286.CEL	4.060653209686279	0.0	0.0	2.7335546016693115	0.14847782254219055	0.0	2.9431354999542236	0.0	0.0	1.0040907859802246
GSM617292.CEL	4.555249214172363	0.0	0.0	2.3581113815307617	1.7938481569290161	0.0	3.3963234424591064	0.0	0.0	0.7238163948059082
GSM617293.CEL	4.138189792633057	0.0	0.0	2.7289106845855713	0.2464819848537445	0.0	3.2389578819274902	0.0	0.0	0.0
GSM617294.CEL	3.6063480377197266	0.0	0.0	1.582608938217163	0.09616997838020325	0.0	2.169586658477783	0.0	0.0	0.0
GSM617296.CEL	3.4302237033843994	0.0	0.12373411655426025	0.0	3.2404046058654785	0.0	5.482882499694824	0.41360920667648315	0.0	1.417468786239624
GSM663162_Pae-Mix-1_5-22-07_S2.CEL	0.0	0.0	1.3539841175079346	6.389760971069336	0.17789575457572937	0.0	1.9952367544174194	0.049702126532793045	1.0721909999847412	2.2821972370147705
GSM838208_OXYR-LB-4_Pae_G1a.CEL	0.5041584968566895	0.0	4.248923301696777	1.0525686740875244	4.985868453979492	0.0	4.18699836730957	1.5432379245758057	0.0	0.6746107339859009
GSM838209_OXYR-PM-1_Pae_G1a.CEL	0.7788139581680298	0.0	4.218504905700684	0.0	6.442479610443115	0.0	0.0	1.1146870851516724	0.0	3.636044502258301
GSM838210_OXYR-PM-3_Pae_G1a.CEL	0.2383406162261963	0.0	4.430383682250977	0.0	7.000024318695068	0.0	0.0	1.3192282915115356	0.0	3.203498601913452
GSM838211_OXYR-PM-4_Pae_G1a.CEL	0.40261077880859375	0.0	4.062127113342285	0.0	7.051443099975586	0.0	0.0	1.2510120868682861	0.0	2.8340160846710205
GSM838215_PAO1-PM-1_Pae_G1a.CEL	0.7421759366989136	0.02049541473388672	4.4581618309021	0.0	6.733676433563232	0.0	0.0	1.1430339813232422	0.0	3.3817200660705566
GSM838216_PAO1-PM-3_Pae_G1a.CEL	0.2935672998428345	0.0	3.9802865982055664	0.0	6.8791069984436035	0.0	0.0	0.9875421524047852	0.0	2.9458465576171875
GSM838217_PAO1-PM-4_Pae_G1a.CEL	0.3637746572494507	0.03596305847167969	4.293484210968018	0.0	7.403739929199219	0.0	0.0	1.1806584596633911	0.0	2.880460500717163
GSM897995_MHH0094_Pae_G1a.CEL	2.006526231765747	0.0	0.0	0.0	3.3928465843200684	0.0	3.7010316848754883	1.7344701290130615	0.0	2.9369254112243652
GSM897996_MHH0095_Pae_G1a.CEL	2.052781343460083	0.0	0.0	0.0	3.4831957817077637	0.0	3.6108696460723877	1.9452894926071167	0.0	2.8958041667938232
GSM897997_MHH0106_Pae_G1a.CEL	1.5492360591888428	0.0	0.0	1.0404510498046875	5.92238712310791	0.0	4.500682830810547	0.0	0.0	2.902005910873413
GSM980539_MHH1372.CEL	2.530388116836548	0.0	0.08591759204864502	0.27024418115615845	1.0601681470870972	0.0	3.611387252807617	2.4431886672973633	0.0	0.010993599891662598
GSM980540_MHH1373.CEL	2.525555372238159	0.0	0.054563283920288086	0.29139578342437744	1.1302788257598877	0.0	3.6236753463745117	2.4401116371154785	0.0	0.017717957496643066
