	0	1	2	3	4	5	6	7	8	9
120330-10978D_23_(Pae_G1a).CEL	3.179304599761963	0.0	4.084653377532959	0.45107758045196533	2.7517285346984863	0.0	0.0	4.4722113609313965	0.0	0.0
120330-10978D_M4_(Pae_G1a).CEL	2.980067253112793	0.0	4.591166973114014	0.7375634908676147	2.222850799560547	0.0	0.0	2.0716776847839355	0.0	0.0
DC2.CEL	0.13058578968048096	0.0	2.9490647315979004	0.0	0.15799427032470703	0.3392546772956848	0.0	0.0	1.6775524616241455	0.0
Glu_6Hour_(Pae_G1a).CEL	0.0	0.0	0.0	0.0	0.0	7.2395548820495605	0.0	0.0	0.0	0.0
GSM1133191_Weiqing_He_D-Glu-2_022410.CEL	0.09013485908508301	5.150972843170166	8.047128677368164	0.0	2.628542423248291	0.1308683156967163	0.0	0.0	0.0	1.195385456085205
GSM1191067_sphR-pyr-2.CEL	6.1779022216796875	0.3048727512359619	2.9725818634033203	0.0	1.306624412536621	0.4098195433616638	0.0	0.0	0.0	4.26597261428833
GSM1267086_HZI1981_G1a.CEL	0.4406852722167969	1.6644046306610107	5.440282344818115	0.0	1.4639781713485718	0.0	3.102466106414795	0.0	0.0	0.0
GSM1267102_HZI1968_Pae_G1a.CEL	0.29933440685272217	2.9549458026885986	7.026805400848389	0.0	2.587042808532715	0.0	2.768275737762451	0.0	0.045885443687438965	0.0
GSM1267103_HZI1969_Pae_G1a.CEL	0.30655062198638916	3.3069489002227783	7.339169502258301	0.0	3.1042089462280273	0.0	2.7052040100097656	0.0	0.0	0.0
GSM1267104_HZI1970_Pae_G1a.CEL	0.21933972835540771	3.4138689041137695	7.546621799468994	0.0	2.7612366676330566	0.0	2.578354835510254	0.0	0.0	0.0
GSM1267109_HZI1975_G1a.CEL	0.5671252012252808	2.284625768661499	6.376804351806641	0.0	1.5242514610290527	0.0	2.4763011932373047	0.0	0.0	0.0
GSM1267110_HZI1976_G1a.CEL	0.5445108413696289	0.9376839995384216	4.209248065948486	0.0	0.2526618242263794	0.11604881286621094	1.9085301160812378	0.0	0.0	0.0
GSM1267111_HZI1977_G1a.CEL	0.39932548999786377	1.0946784019470215	4.598872184753418	0.0	0.5867939591407776	0.0	1.7344489097595215	0.0	0.0	0.0
GSM1267112_HZI1978_G1a.CEL	0.46072185039520264	2.6461095809936523	6.699408054351807	0.0	1.5825769901275635	0.0	2.5474486351013184	0.0	0.0	0.0
GSM1267113_HZI1979_G1a.CEL	0.41224920749664307	2.6552226543426514	6.846989631652832	0.0	1.7414236068725586	0.0	2.4890809059143066	0.0	0.0	0.0
GSM1420994_anr_control1.CEL	0.010254621505737305	2.582493782043457	0.2304171323776245	4.990275859832764	0.0	0.016342341899871826	0.0	0.6677018404006958	4.765223026275635	0.4639514982700348
GSM1420995_anr_control2.CEL	0.0	2.6486122608184814	0.24608337879180908	4.957833290100098	0.0	0.05013483762741089	0.0	0.5790983438491821	4.998453140258789	0.43037745356559753
GSM1420996_anr_NO1.CEL	0.04535484313964844	1.8394784927368164	1.534713864326477	4.898671627044678	0.0	0.014663934707641602	0.0	0.49643629789352417	4.645186424255371	0.16236650943756104
GSM1420997_anr_NO2.CEL	0.0	1.999645709991455	1.5003681182861328	4.532866954803467	0.0	0.06710505485534668	0.0	0.5153138637542725	4.933166980743408	0.14036178588867188
GSM1421003_EXdnr_control2.CEL	0.0	2.386141538619995	0.0	4.435546875	0.0	0.273914098739624	0.0	0.5090174078941345	5.052333831787109	0.43644005060195923
GSM198188.CEL	3.015558958053589	0.0	6.336058139801025	0.0	0.0	0.0	0.0	0.08741148561239243	1.070948839187622	0.0
GSM252496.CEL	1.241851568222046	1.2381556034088135	1.212740182876587	0.0	0.0	1.9636107683181763	0.10435956716537476	0.0	3.930875301361084	0.0
GSM432864.CEL	0.0	3.5216472148895264	0.5236666798591614	2.8513760566711426	0.0	0.718902587890625	0.0	0.2834523022174835	5.478195667266846	1.1750390529632568
GSM432865.CEL	0.0	3.424476385116577	0.4061357080936432	2.9768905639648438	0.0	0.6743671894073486	0.0	0.2590206563472748	5.442569255828857	0.9578692317008972
GSM432871.CEL	0.42778563499450684	0.0	4.7201619148254395	1.7201018333435059	1.626581072807312	0.23610371351242065	5.502920627593994	0.7507697343826294	0.03504422307014465	1.3040411472320557
GSM767700.CEL	0.0	0.0	3.325590133666992	0.0	5.9575114250183105	0.0	0.0	5.2164483070373535	0.0	0.25008493661880493
GSM774100_CF105-1973a.CEL	3.1963002681732178	3.9244048595428467	0.0	2.9200191497802734	0.0	0.0	0.0	0.3052392899990082	4.627427577972412	0.0
GSM774101_CF105-1973b.CEL	2.63041090965271	3.440103769302368	0.0	2.5158965587615967	0.0	0.0	0.0	0.27544769644737244	4.545870304107666	0.0
GSM774102_CF105-1973c.CEL	2.678295612335205	3.2728195190429688	0.0	2.5441129207611084	0.0	0.0	0.0	0.15505583584308624	4.480543613433838	0.0
GSM774103_CF114-1973a.CEL	2.307708978652954	4.285940647125244	0.0	1.4789155721664429	0.0	0.1445445418357849	0.0	0.17171309888362885	4.516005516052246	0.0
GSM774104_CF114-1973b.CEL	2.2616565227508545	4.269393444061279	0.0	1.266404628753662	0.0	0.2630385160446167	0.0	0.3471592664718628	5.254711151123047	0.0
GSM774105_CF114-1973c.CEL	2.3418421745300293	4.550638675689697	0.0	1.6070584058761597	0.0	0.08134377002716064	0.0	0.2353448122739792	4.705791473388672	0.0
GSM774132_CF333-2007c.CEL	5.958101272583008	0.0	0.0	3.6602303981781006	0.0	0.0	0.0	0.0	0.8068946599960327	0.0
GSM774133_B6-0_1.CEL	1.0160496234893799	3.621075391769409	0.0	3.651068687438965	0.0	0.0	0.0	0.6033996343612671	5.286956310272217	0.0
GSM774135_B6-0_3.CEL	0.8086233139038086	3.4617488384246826	0.0	3.742699146270752	0.0	0.0	0.0	0.7129400968551636	5.325040817260742	0.0
GSM774136_B6-4_1.CEL	0.5987753868103027	2.771643877029419	0.0	2.8279144763946533	0.0	0.04256492853164673	0.0	0.7963374257087708	5.508707046508789	0.0
GSM774137_B6-4_2.CEL	0.8305885791778564	2.1573219299316406	0.0	2.8527207374572754	0.0	0.04008126258850098	0.0	0.6605790853500366	5.123068332672119	0.0
GSM774138_B6-4_3.CEL	0.7228683233261108	3.387605905532837	0.0	3.5117838382720947	0.0	0.0	0.0	0.7236018776893616	5.505858898162842	0.0
GSM774139_B12-0_1.CEL	1.9935622215270996	3.0438387393951416	0.0	2.5902822017669678	0.0	0.010043561458587646	0.0	0.4841580092906952	5.163846015930176	0.0
GSM774140_B12-0_2.CEL	1.9250272512435913	2.936708450317383	0.0	2.5756165981292725	0.0	0.10861939191818237	0.0	0.45214855670928955	5.004177093505859	0.0
GSM774141_B12-0_3.CEL	2.0606706142425537	2.777116537094116	0.0	2.505280017852783	0.0	0.06391733884811401	0.0	0.30374884605407715	4.7220635414123535	0.0
GSM774142_B12-4_1.CEL	2.1432790756225586	3.2315101623535156	0.0	3.101381778717041	0.0	0.0	0.0	0.4169646203517914	4.926570892333984	0.0
GSM774143_B12-4_2.CEL	2.112757682800293	3.2064731121063232	0.0	3.213810682296753	0.0	0.0	0.0	0.43014994263648987	4.8497443199157715	0.0
GSM774144_B12-4_3.CEL	2.050459146499634	3.2240712642669678	0.0	3.1169369220733643	0.0	0.0	0.0	0.4938991665840149	5.070460319519043	0.0
GSM774145_B12-7_1.CEL	1.9863972663879395	1.9904146194458008	0.0	1.6879353523254395	0.0	0.20140528678894043	0.0	0.44564205408096313	5.3064470291137695	0.0
GSM774146_B12-7_2.CEL	2.1568288803100586	2.005722999572754	0.0	1.7235512733459473	0.0	0.2060719132423401	0.0	0.48870620131492615	5.42997932434082	0.0
GSM774147_B12-7_3.CEL	1.9768455028533936	2.8884122371673584	0.0	2.4817097187042236	0.0	0.0	0.0	0.5020084977149963	5.000364303588867	0.0
GSM774160_PAO1a.CEL	0.0	3.3219332695007324	0.24751704931259155	3.6210789680480957	0.0	0.14939510822296143	0.0	0.869588315486908	5.8909454345703125	0.0321347713470459
GSM774161_PAO1b.CEL	0.0	2.9081778526306152	0.0	3.071645498275757	0.0	0.4085385203361511	0.0	0.9121603965759277	6.223784923553467	0.42979538440704346
GSM774162_PAO1c.CEL	0.0	3.3712832927703857	0.0	2.922971725463867	0.0	0.47347307205200195	0.0	0.8846539258956909	6.166688919067383	0.406108558177948
GSM842844_Wright_6_WT-stat-3_Pae_G1a.CEL	1.9003751277923584	0.534812331199646	7.029153347015381	0.0	0.1170855164527893	0.07131820917129517	0.0	2.718447685241699	0.0921153724193573	0.0
GSM842845_Wright_7_4203-log-1_Pae_G1a.CEL	1.4777748584747314	5.27979850769043	5.778984546661377	0.29076439142227173	0.0	0.12325888872146606	0.0	0.26542070508003235	2.72895884513855	1.1223210096359253
GSM842846_Wright_8_4203-log-2_Pae_G1a.CEL	1.218738317489624	5.205020427703857	5.907552719116211	0.10910934209823608	0.0	0.23172694444656372	0.0	0.1332588940858841	2.777266025543213	0.8271011710166931
GSM842849_Wright_11_4203-stat-2_Pae_G1a.CEL	1.893217921257019	2.500901460647583	6.819668769836426	0.0	2.266775608062744	0.0	0.0034061670303344727	2.7863564491271973	0.0	0.9461833834648132
GSM842850_Wright_12_4203-stat-3_Pae_G1a.CEL	1.9525560140609741	2.178689956665039	6.805506706237793	0.0	2.0521528720855713	0.0	0.3674376606941223	3.069201946258545	0.0	1.198520302772522
GSM854796.CEL	1.1100330352783203	0.0	0.8996065258979797	0.0	2.330625534057617	0.016640424728393555	0.9839720129966736	0.0	0.25743842124938965	0.0
GSM954576_Nomura_PA01-1_Pae_G1a_.CEL	0.2714071273803711	0.0	2.5702261924743652	0.0	1.3192546367645264	2.8107962608337402	1.9921139478683472	4.525347709655762	0.0	0.7224522829055786
JS-1B4.9.07.CEL	0.0	0.0	0.0	0.0	0.0	6.915492534637451	0.0	0.15905123949050903	0.0	0.0
JS-A84.9.07.CEL	0.0	0.0	0.0	0.0	0.0	6.41441535949707	0.0	0.0	0.0	0.0
JS-T24.9.07.CEL	0.0	0.0	0.0	0.0	0.0	6.3640851974487305	0.0	0.0	0.0	0.0
