	0	1	2	3	4	5	6	7	8	9	10	11	12	13	14	15	16	17	18	19	20	21	22	23	24	25	26	27	28	29	30	31	32	33	34	35	36	37	38	39	40	41	42	43	44	45	46	47	48	49	50	51	52	53	54	55	56	57	58	59	60	61	62	63	64	65	66	67	68	69	70	71	72	73	74	75	76	77	78	79	80	81	82	83	84	85	86	87	88	89	90	91	92	93	94	95	96	97	98	99
GSM774161_PAO1b.CEL	0.30558	0	0	0	0.20706	0	5.5932	0.7942	3.3443	0	1.215	7.9084	0	2.3836	1.7921	0.50311	0	1.0969	0	0	0.94997	0.8521	1.1041	0	4.8264	4.883	4.4003	1.5844	1.9274	4.8109	0	0.44085	0	0.87353	0	3.8171	0.66907	4.2379	0	0	0.36492	0.40385	0	0	0	3.5462	0.054252	0.81954	1.0558	0	0.74456	1.5985	0	3.1943	4.5768	0.16725	1.9418	0	0	0	0.23906	0	1.7006	1.3633	0	2.3887	1.8065	0.12002	0	0.82221	0.73372	0	6.9701	0.19741	0	0.45495	0.22264	4.1245	0	0	1.6887	0	0.023784	1.8182	0	4.1309	0	0.5772	0	0	0.2955	0.25001	1.1482	0	0	0	1.7251	2.298	0.7018	0.51573
Overhage3002_(Pae_G1a).CEL	0.69876	0	9.4682	3.1401	0.74169	0	8.0094	0	3.5549	0	0	0.42307	0	0	0	1.2523	0	0.3618	0	0	1.1106	0.62419	0	3.0892	0.95267	2.0772	4.3449	0	0	5.3756	6.0481	0.43939	1.8392	8.0407	0.95562	2.8211	0.75231	0	0	0	3.7033	0	0	0	1.3569	5.3425	2.0347	0	1.6295	0	1.1333	0.24249	0	1.1051	0	0	0	0	0	0	0	0	6.4738	0.47614	7.2754	3.7737	0	0	0	0.35882	0.91753	3.5526	0	6.3138	0	0	0	0.67938	0	0	0.54141	6.3994	1.4577	0.30417	0	8.7055	1.2487	0	0	0	2.0317	0	0.61301	2.0694	0	0	11.298	7.5143	2.2776	0
GSM432861.CEL	0	0	0	1.6463	0	0	1.8176	0	3.8203	2.7817	0.3135	1.3326	0	0	3.5824	0.2233	0	1.653	0.33643	3.1029	0.69299	2.3026	0.55105	1.3434	6.0813	3.5556	2.7178	0.73218	0.2741	5.8664	0.0096635	0	0	1.29	0.23006	4.4261	0.91304	1.5801	0.64995	0.32108	0.55916	0.6409	0	0	0	1.4082	0	0.72041	0.67143	0	0.16332	1.3432	0.35728	6.019	7.4083	0	4.545	0	0	0.44197	0	0	0.77956	4.3748	0.15041	1.6262	0.36699	0	0	1.3469	0.8325	1.0037	6.0552	0	0	1.8234	0.55776	3.6845	0	0.33807	0.84028	0.53982	1.0794	2.242	0.75032	2.1612	0.80805	0	0	0	0.60356	0	1.5595	0	0	4.5239	1.6239	1.3118	2.6174	0
GSM1133188_Weiqing_He_D-Glu-1_021810.CEL	0	0	1.3434	1.9345	0	1.2207	2.7255	0	2.7984	3.1564	1.5548	2.2672	0	0	3.8138	0.20295	0	3.7871	0.0010269	6.8664	1.868	9.8359	0.7784	1.8568	6.3713	0	1.7141	0	0	5.2887	0.38547	0.43093	0	2.9595	0.37953	4.0844	0	3.5289	1.7685	0	3.1483	0	0	0.46621	0	0.99512	0	1.1242	0	0	0.64374	2.1026	0	0.092549	0	0.53018	0	0	0	0	0.36122	0	0.30678	4.029	0.86365	7.6741	0.73541	0	0	0.59872	1.3663	0.59859	2.0187	5.7259	0.93148	0	0.1049	3.113	0	0.58748	0.84724	0	1.4819	0.54873	0.48087	5.5045	0	1.5434	0	0	0.59387	2.1287	0	0.24948	0	7.8036	1.6829	0.9778	9.8269	0.2441
GSM1517347_MK-1.CEL	2.4449	0.31353	4.7718	1.0304	2.65	1.1502	0.25265	0.23562	4.367	1.2625	0	0.36876	0	0	0.79333	0	0	0.35852	0	4.7471	0	2.2788	0	0.47888	3.6368	1.0439	5.4802	0.13592	0	1.289	2.7831	0	0.52309	8.9086	0	3.6949	0	0	0	0	0.28356	1.9447	0.68663	0.22302	0	3.7088	4.3843	8.4459	0.97602	0	0	1.959	2.4929	0	0.42322	4.9843	0	0.6816	0.082683	0	0.37163	0	1.8005	0.59761	1.1192	2.3195	0.80782	0	0	0.80747	0	0	0.89298	1.8998	0	0.98604	0.3637	2.194	0	0	0.5409	0	1.6508	0	0	0.97308	0	3.3766	4.7149	0	0	0	0	1.365	5.5784	1.8618	3.1579	2.4382	1.2674	0.72949
GSM462063.CEL	1.27	0	3.8371	0	0	0	0	0	0	0	0	0.49256	0.64206	1.5512	0.30121	0.86669	0	1.3091	0	2.4949	0	4.3875	0	0	2.8294	0	2.6383	0.71425	0	0	0	0.80063	7.3038	6.3199	1.5944	6.1883	3.1039	0.056006	0.4687	0	3.4115	3.0414	0	0.99404	0.50167	6.9588	6.7208	5.4516	1.6262	0	1.398	0.92205	0.24056	0	0	1.6613	0	0	1.0972	0	0.89567	0	1.845	0	2.1093	1.6024	0.90877	0	0	0	3.5769	5.5443	0.047269	0	0	1.4894	0.042485	4.6055	0.36671	0.43478	4.3419	8.2905	0.33151	0	0	1.4819	0	0	0.87937	0	3.4989	7.5977	0	5.254	5.4415	0	7.087	0.35856	2.3918	0
GSM591623.CEL	1.3757	0	0.75726	0.34763	0	0.58135	0	1.5003	0	0	0	0	0	0	0.54102	0	0	1.1231	0.037036	1.8565	0	8.4308	0	0.87724	3.5164	0.16673	3.436	1.0238	0	0	0	0	4.4554	3.8211	0.74965	5.3696	0	0	0.5536	0	2.8251	1.6559	0	3.059	0	1.9454	0.40195	1.2265	0.16293	0.86874	0.67733	2.6996	0	0	0	0.58617	0	0	1.7792	6.1709	0.74504	0	3.1606	1.1824	0	0.68479	0.42555	0	0	0.29931	7.7728	4.8204	0	0	0	1.6992	0.12544	4.1589	0.58537	0	1.1749	5.5694	0	0	0	4.4477	0	0	3.2926	0	5.9859	5.4815	0	4.8041	0.91046	0	4.8116	0.10596	0.86491	0
GSM199986.CEL	0.62265	0	0.65235	5.2664	2.1976	0.99147	0.7799	3.8224	0	0	0	0	0.042902	0	0	0	0	0.70282	4.421	0	0	7.5092	0	1.6608	4.9339	0	4.4715	0.24171	1.0172	0	0	0.54219	0	2.7851	0	5.8039	0.041611	0	0.086708	0	1.4228	0.8373	2.1008	8.5074	0	3.3252	0	3.9182	0.42316	0	0.70956	2.1719	0	0.11403	0	5.5614	0	0	2.3088	1.8078	3.7868	2.7526	1.8355	0.36195	0	2.9149	2.5106	0	0.0031424	0.0071753	3.3275	0.18137	0.34896	0	0	1.1491	0	2.1433	0.97042	0	2.2566	0	0.13743	4.0719	0.61478	0.99045	0	3.7394	4.7752	1.4059	3.9811	6.1203	0	0.1023	0	0	2.9928	0.44559	0.15824	0
GSM1958030_Cadaverine_1.CEL	4.1802	0	0.91344	0	4.2892	0	0.71372	0.73722	3.9953	0	0.95292	7.7867	0	0	0	0	0	1.8702	0	0	0	2.3516	0	4.5389	0	2.6412	1.4528	0	0	0.99869	0.71753	0	2.3052	6.5155	0	4.2434	1.1075	3.4262	0	0	1.4261	0.69919	2.6721	0	0	0.85792	2.1635	1.6063	1.383	0	0.72764	3.5351	0	0.66604	0	0	4.7101	0	0.038215	0	0	0	7.6572	0.40043	0	3.8096	1.5009	0.27308	0	1.5268	0.51667	0.18862	2.9447	5.9459	1.2454	0	5.006	5.704	0	0.56513	2.4364	1.1312	0	0	0	1.997	0	0	0	0	0.53194	0.4183	0.3321	0	0	1.397	1.3675	0.62534	1.7897	5.4942
GSM1419138_PAO.CEL	2.4225	0	1.1208	1.7854	0	0.76881	0.85091	0	3.949	3.5189	0	0.85131	0	0	0	0	0	0.86752	2.8741	5.7489	0	4.5895	0	0	2.6948	0	2.074	2.6528	0	0	0	0	1.6529	6.8179	2.3932	4.2547	0.29329	5.8184	0	0	3.7661	0.95809	0	4.2745	0	2.1249	1.3773	3.946	0	0	1.4823	0.95652	0	2.2734	0	0	0	0	6.0412	5.6365	1.6578	2.1285	0.66079	2.2546	0	0.079632	5.0775	0	0	0.049581	3.9283	0	1.1408	0	0	1.293	0.23669	5.9739	0	0	3.7192	1.3895	0.31406	0.6116	0	0	0	0.50391	2.364	0	3.6174	4.62	0.0024947	0	0	0.66869	3.0094	1.4585	0.38332	0.81474
GSM717419.CEL	0.018054	0	4.4819	5.4493	0.68095	0	1.5736	0	2.2472	3.5611	0	0	0	0	3.8544	0.28092	0	1.3102	0.052533	3.2026	1.5973	8.5055	0	1.0496	6.7564	0	4.6575	0	0	2.7454	0.16115	0.26032	0	2.6661	1.2276	2.0204	3.4972	0	0.58986	0	1.8878	0	0	2.0246	0.45603	4.116	5.2109	0.078638	0.18993	0	0.86987	0.28455	1.7264	2.4173	0	2.5908	0	0	0.30964	0	0	0.61315	0.32375	0.30823	2.282	9.2689	2.3308	0	0	0.14644	0.9926	0.23775	1.1874	4.7394	0	0.7101	0.33612	1.5387	0	0	1.8592	0	5.2581	0	0	0.83113	0	6.7988	0	0	0	0	1.6048	0	1.2403	2.8741	9.7982	3.6737	2.4356	0.9678
GSM1608062_Planktonic_4.CEL	0.4749	0	0.35961	0.0090157	0.73354	0	4.3492	2.3303	3.6307	3.0497	0	7.0817	0	0	2.3544	0.72721	0	1.6379	0	0	0.90822	6.7337	0.71908	0	2.2236	1.2236	5.188	0	0	7.3351	0	0	0	4.3299	0.35472	4.0226	2.0142	0	0.34597	0	2.1028	0	0.17582	0	0.042613	0.68584	0	0.43886	1.2474	0	2.488	1.9581	0.57132	2.3445	0	0	5.8737	0	0	0	0.15661	1.1847	2.7485	4.5293	0	9.5197	2.337	0.49079	0	0	0.59818	0	0	5.9017	0	0.79342	0	0.47163	0	0.13601	1.0526	0.13376	0	4.3455	0	6.4781	0.28351	0.18587	0	0	0	0	4.1723	0	0	0	4.283	2.4505	3.3727	0
GSM1421009_fhpR_NO2.CEL	0	0	0.18754	0.27532	0	0	4.5386	0	1.8695	0	2.0581	1.89	0	0	0	0.47924	0	0.74314	0	0	0	1.8847	2.0877	0.89514	2.8927	0.59371	4.829	1.0007	3.8671	5.7508	0	0	0	1.4067	0	4.2705	0.77366	0	1.0934	0	0.54406	0.32821	0	0	0	1.9858	0	0.56867	1.0936	0	2.321	1.3715	0.11248	7.6081	4.388	0.35253	2.5195	0	0	0	0	0.19876	2.1978	1.7553	0	1.7269	0.2647	0.078425	0	0.85918	0.64326	0.83457	3.4874	1.0109	0	1.7078	0.75402	2.819	0	0	1.6372	0	0	3.5299	0.44832	6.1364	1.4073	0.074983	0.7902	0	4.4303	0.37651	0.40222	0	0	1.4929	1.2236	1.0646	0.37212	0
GSM774095_CF66-1992b.CEL	0	0	0	0.0085384	1.3876	0	6.8903	0.12313	4.6819	5.0695	0.32283	6.5978	0	3.8644	0	0.15778	0	0.07414	0.14878	0	1.3195	0.99272	0	0.037107	3.9977	0.097371	6.2184	0.78243	6.2231	3.5668	0	0.8659	0	2.6213	1.9814	4.8924	0.80883	1.9535	0	0	0.73172	0.99792	0	0	0.25023	2.5939	0	0.68646	1.4611	0	6.5933	1.4753	0.071453	0	0.94724	0	1.783	0	0	0.30322	0.74359	0	5.0532	0	0	0.96766	4.749	0	0	6.7392	0	1.121	0	0.97303	0	2.7812	1.6287	1.9051	0	0	2.2719	0	0	0	0	2.9888	0	0	0	0	0.38717	0.21131	0.85415	0	0	0	1.466	2.3867	1.012	0
GSM92178.CEL	1.2986	0	6.273	0	0.0002352	3.2778	2.3147	0	0	0.9071	0.0017881	0.060946	0	0.25735	1.1507	0	0	0.56047	0	3.0466	0.97529	1.1007	0.48878	0	3.6815	0	6.1568	0.35212	1.3146	1.845	0	0.15323	1.5062	0	0	3.3614	0.17445	0	0.014118	0	2.2159	0	0	2.4436	0	0.28414	0.26976	9.5712	0.0020202	0	1.2679	0.37721	0.5521	0	0	3.9163	0	0	0.67399	0	1.7451	2.6461	2.4701	0.073522	0	2.711	0.72952	0	0.045701	0.42079	5.5902	0	2.6963	0	0	1.204	0	3.7391	0	0.25966	2.2066	3.6669	2.951	2.4183	0	0.74254	0	8.2918	2.4472	0	2.4708	1.8976	0	2.838	3.1184	4.4784	7.071	1.3522	1.3718	0
GSM155240.CEL	0	0	2.1727	0	0.4371	0	6.9127	0.4037	0	1.7611	0.45007	0.52321	0	0	6.1646	0	0	0.49713	0	0	0.99933	0.92977	2.6988	1.1478	7.4863	4.6002	6.4926	1.3209	0.61511	7.6304	0	0.54922	0	0.33054	0	3.4184	0	1.0899	1.0923	0	0.0094781	0	0	0	0	5.1828	0	5.833	1.8361	0	6.105	1.2994	0	6.117	1.32	2.4769	0	0	0	0	0	0	1.8194	0.015494	0	0.25723	0	0	0	1.6395	1.0575	0	7.5715	0	0.48688	1.6916	0.04577	1.9277	0	0.24232	0.67859	0	0	0	0	1.4995	0	6.5424	2.2838	0	0.65471	0.84177	0.53224	0.55288	1.6571	1.0199	6.1372	0.45981	4.9818	0
GSM1267086_HZI1981_G1a.CEL	0.76465	0	1.2427	0.44428	6.9736	0	8.2239	3.4122	0.44937	0	0.092004	1.5378	0	0	0	0	0	1.2357	3.2507	0.64593	0.54347	4.631	0	1.056	2.3998	0	5.0262	0.63543	0.3445	0.17585	0	0.031772	0	3.4896	1.8577	4.7099	4.3211	0	0	0	0.95988	0.086435	1.9558	5.2537	0	0.57543	2.1075	0.087903	0.54168	0	0	1.3634	0	0	0	2.7525	0.083574	0	0	1.158	0	0.36549	2.124	0.14073	0	7.7508	2.2546	0	0	0.14877	1.059	0	1.29	8.2461	1.4521	0	0	4.3758	0	0	2.3681	0	1.5652	0	0	1.3962	0	2.742	0.99661	0	1.0225	0.45547	0.12683	1.5372	5.0595	2.496	0.62417	0.41023	2.2357	0
GSM596819.CEL	0.57064	0	4.0123	0.017585	0	0	2.8114	0.058973	0	4.4031	0	0.15104	0	6.5602	0.59873	0	0	0.00665	0	2.7121	4.4495	2.9931	0	0	1.2892	0	4.1535	0	0	4.5045	0	0	1.1362	3.1854	1.9189	5.3784	6.9679	0.042858	0	0	2.1408	0	0	0	0	0.98045	0	0	0.73925	0.93384	8.0628	4.1852	0	0	0	0	2.4513	1.8862	0	0	0	3.1793	2.0604	5.4002	1.059	9.751	0.32163	0	0	0	1.3703	6.5187	0.1463	0.048063	0	6.8494	0	2.4455	0.2981	0.031006	3.3459	10.473	6.6117	0	0.70155	5.44	3.0113	0	0	0	0.17458	0.33681	0.65201	0.56994	0	2.3626	0.99723	0	5.0076	0
GSM663168_BM-Mix-Pa_1_6-6-08_s1.CEL	0	0	0.8952	0	0	0.010027	0	0	0	9.1515	0	0.021506	0	0	1.4114	0	0	0.44515	0	0	0.094918	5.7055	0	3.6487	7.045	0	2.2274	0.19855	0	0.93704	2.1562	0	0.2456	6.4233	1.3896	3.2616	3.7911	0	0.49157	0	0.89095	0.7085	0.96811	2.493	0	0.25716	0	6.5282	0	4.2915	5.7163	0.75484	0	0	0	0	0	0	0.56109	1.5563	0	2.565	0.3638	0.073474	0	8.426	0	0	0	0.68224	0	0	0	6.9567	0	1.2397	0	2.9546	0	0.29402	3.8615	0	6.882	0	5.2525	2.0839	0.036384	2.1104	8.5533	0	0	3.6981	0	0	0	5.1639	0.40218	0	0.54088	0
GSM546271.CEL	1.1017	0	0.43108	2.3716	1.4238	0	0.044072	6.7733	2.8883	0	0	2.4516	0	0	0.2747	0	0	0.28581	0	0	0	2.8093	0.42673	0.94325	4.4369	7.8957	6.4613	0.17001	0.58403	4.2046	1.4905	0	0	2.783	0	4.9289	0	0	0.36431	0	1.6692	1.5506	2.2068	2.0052	0	5.85	0.36112	3.1963	0	0	1.6039	2.5742	0	0	2.7268	4.5542	0	0	0	0	0	0	2.8547	0.31187	0	2.4654	0	0.16193	0	5.527	0	4.9929	0.60401	7.4907	0	0	0.78174	1.8423	0.59665	0	0	0.40446	0	3.7119	0	1.7942	0	1.3073	0.82573	0	0.71434	0	0.035855	0	0.2876	3.7271	1.3303	1.2315	0.42064	1.4757
GSM208619.CEL	0.30985	0	0.3269	3.4704	1.05	0	0.97259	0	6.2673	8.8527	2.1286	0	0	1.9669	5.3574	0	0	0.58285	0.65494	0	1.3735	3.5855	0	0.095988	6.386	3.4216	3.4946	0.79708	0	0.72724	0.1435	0	0	4.8651	0	5.3098	7.6213	0	0.37855	3.2207	2.5907	1.0995	0.1337	0	0	1.5985	0.38163	2.1203	1.0983	0	1.6911	2.9859	0	1.9962	0	0	4.7414	0	2.4509	0.73594	0	2.9016	1.1936	5.7322	0	0.81085	1.0275	0	0	1.1683	0	0	0	6.8912	0	4.2126	1.1604	2.6019	0	0.37183	2.5421	3.0291	0.12393	0.29717	8.2816	0	0.58049	0.027129	1.4616	0	2.8912	0.55276	0.61204	0	0	3.343	2.0952	0	0.5896	0
GSM429475.CEL	0.75731	0	0.23285	0	8.3312	0	5.6833	3.6414	4.1491	0	0	5.6066	0	0.39586	0.87495	0	0.46851	1.4936	0	0	0	1.4375	0	0.037162	0	2.6477	4.323	0	0	2.1253	0	0	0	6.9566	0	5.2844	6.4087	0	0	0	4.4584	1.5022	3.2621	0	0	0.49687	0	0.049414	5.3119	0	2.57	6.2343	0.60184	0	0.022094	0	8.17	0	0.21714	0.43947	0	1.6688	4.3783	0	0	4.3801	2.3955	0.074396	0	0.59926	0.21135	0	2.0667	5.179	0	0	5.0411	5.0169	0	0	7.0716	0	0.33061	0	0	0	0	0	0.5254	0	0	0	1.9022	0	0.9454	4.1826	2.4647	0.28617	0.30744	2.4462
GSM637590.CEL	2.5958	0	4.7552	0	0	0	4.2013	0	1.7564	0.841	0.6906	1.2897	1.2788	0	0	0.018042	0.079566	2.6015	0	0.51681	0	1.2866	0	0	1.2838	4.0967	1.9317	0	0	2.1435	0	0	4.1405	4.1965	1.2518	5.2133	2.5546	1.7735	1.5746	0	2.8431	0	0	1.1123	0.62378	2.5931	0.25742	2.8856	0.71401	0	7.8632	0.73991	0	6.1085	0	0	2.8712	0	0.93284	2.4475	4.0849	0	6.6877	0	5.6088	1.7961	4.7908	0.046021	0	6.0736	0	0.77431	1.6327	0	2.3748	0	4.1302	3.4208	0	2.0192	4.0605	0.37762	0	0	0	1.4168	4.7262	0	0.98415	0	0	0.21853	0.30958	0	0	0	0.79162	6.8892	1.2929	0
GSM424832.CEL	0	0	4.3739	9.2401	0	0	0	0	0.55981	2.3274	1.6921	0	0	0	0.88945	0.61952	0	0.39556	2.7267	1.6452	0	3.8696	0	0	1.7687	0	6.0036	0.18916	0	0.51969	3.5835	1.5445	0	3.8852	0	5.8196	0	0	0.055366	2.8927	2.8279	0.14299	0.20056	0	0	6.6552	0.79766	0	4.7569	0.43318	0.82339	1.3012	0	0	1.701	0	0	0	1.5364	4.3562	3.8977	6.2712	0.73387	0	2.4942	2.8746	3.7481	0	0	1.7404	2.0814	0	0.31238	0	0	6.5517	0	2.589	0	0	2.4515	0.4143	1.7109	0	3.2461	0.92871	3.739	2.0198	2.2923	0	2.3277	2.7825	0	0.82697	0	0.77477	2.9985	0.8227	0	0
GSM1662229_WFPA513_1.CEL	0.29911	0.26704	0.53317	5.5598	3.183	0	0	1.6099	0.8257	0	0	0.30696	0	0	0.29351	0	0	0.75411	0	0	0	5.2983	0	1.5742	5.1555	5.0051	6.8382	2.5617	0	0	0	0	0.32623	4.2498	0	4.4754	0.70143	0.81248	0	0	3.5557	0.86975	0	6.7248	0	1.512	4.3973	0.90611	0	0.021531	0.67241	2.0578	0	0	0	1.5795	0	0	0.791	1.9725	0.13265	0	0.79354	0	0	4.7547	0.047014	0	0	0.8067	0.15381	0	0.7272	0.14334	0	2.035	0.71301	2.7185	0	0	3.4626	0	1.368	0	0	2.6223	0	1.4649	4.4804	0	0.16559	1.2103	0.072955	0	4.8026	0	10.013	5.9361	0	0
GSM1608071_Biofilm+12hrtobra_rep2.CEL	0	0	3.2617	5.7079	0	0	3.2873	0	0	0	6.0541	0.28993	2.6849	2.0162	0	4.117	0	0.7996	0	0	0	2.2434	0	0	1.3721	0	4.4918	0.59045	0	1.1528	0	1.1771	0	5.1081	0	6.441	0	3.75	0.2711	0	0.43798	0	0.50886	0	0.43645	3.0713	0	0	3.6612	0	8.6894	0.70825	3.4918	0	0.29477	0	0.38272	0	0	0	0	3.9948	2.3492	1.0038	3.9882	5.0599	10.404	0.18372	0	1.9165	0.060905	0.77451	2.9267	0	0	5.8066	0	4.1452	0	0	7.0292	0	2.7727	0	0	0	1.1953	0	2.3641	0	0	0.47379	1.0384	0.2414	0	3.2421	0.45085	1.3421	7.9013	0.4571
GSM424833.CEL	0	0	3.9603	10.21	0	0	0	0	0.7783	2.4325	1.7154	0	0.059597	0	0.67258	0.26764	0	0.33876	3.1769	1.9687	0	3.7711	0	0	1.6618	0	6.1226	0	0	0.8064	4.131	1.264	0.20377	4.639	0	5.7416	0	0	0	3.1503	2.9749	0	0.15988	0	0	7.2834	0.19684	0	4.1914	0.058313	1.0781	1.0656	0	0	2.2672	0	0	0	2.3814	4.7104	3.4729	6.9516	0.77692	0.2971	2.2562	3.3608	3.5473	0	0	1.6884	2.5167	0	0.53979	0	0	6.8027	0	2.9799	0	0.19611	2.4235	0.72511	1.4586	0	3.3095	0.67928	3.6581	1.7483	2.0515	0	2.152	2.2621	0.30415	0.9228	0	1.1324	2.7316	0.54446	0	0
GSM567674.CEL	1.4388	0	4.746	0	2.4869	0	7.7543	0	0.49485	0	1.1377	1.1454	0	0	0	1.3366	0.36599	6.2264	0.27488	0	0	2.025	0	0	0.12287	0	1.4602	0	0	2.8129	0.201	5.1807	2.9079	0.20426	0	5.2269	5.017	0.82378	0.18448	0	0.1065	0.39249	0	0	1.3072	1.3096	0.48946	0	0	0	3.5822	0.42396	0	0.040494	0	0	5.2699	0	0.72687	0	5.9116	0	5.298	0	6.3767	8.6744	7.5623	0	0	4.9528	1.7718	0	0.83536	0	8.6631	0	1.6735	4.7313	0	1.1069	7.1934	0	0	0.016404	0	0	4.9458	0	0	0	0	0.76944	0	0	0	0	0	6.3186	3.0419	0.46912
GSM1177845_PAO1-AMV-1.CEL	0	0.93549	1.3497	0.021164	1.166	0	5.0479	0	0.17743	0	1.7185	0.31518	0	0	0	0.22667	0	0.23876	0.050551	0	0.9932	1.8979	0	6.0171	3.0215	0	4.4013	1.7517	0	6.0993	0.21881	0.072449	0.38809	1.7312	0	5.1825	3.7352	0	0.10894	0	0.64218	0	0	0	0.44473	0	6.2157	0	0.52799	0	0.10692	0.76837	0	1.8225	0	2.6062	0	0	0	0	0.26055	0	0.7349	1.3496	5.8606	0.4743	0.72376	0	0	4.6014	0	0	0.3779	0.18613	1.1328	2.2758	0.70318	3.0909	1.6959	0	0.71041	2.3183	2.5174	0	0	0	4.4023	6.7205	0	0	3.1506	0	0	1.4567	5.6644	0	6.5585	0	3.7005	0
GSM1420992_PAO1_NO1.CEL	0	0	0	0.40291	0	0	5.1876	0	2.258	0	1.9043	1.8506	0	0	0.52464	0.64329	0	0.77667	0	0	0	1.6937	2.1426	1.5556	4.0735	0.7868	5.4574	0.67338	4.0296	5.9571	0	0.095262	0	1.8217	0	4.4965	0.9391	0.27734	1.0071	0	1.0728	0.40083	0	0	0	2.337	0	0.34807	1.8775	0	2.591	1.5777	0	7.5924	4.7316	0	3.4585	0	0	0	0	0.12579	1.6477	1.3142	0	1.6813	0.52635	0	0	0.71946	0.77606	0.66692	4.155	0.85414	0	1.7818	0.77804	2.9733	0	0.042294	1.9763	0	0	2.4714	0.33437	5.2166	0.99853	0.18941	0.83944	0	3.3504	0.64018	0.70538	0	0	0.53226	1.143	1.2316	0	0
GSM774100_CF105-1973a.CEL	0	0	1.0978	0	0	0	0.58014	1.4754	0	3.3831	0	8.3464	0.1686	4.9318	0.82197	0	0	0.73152	0	3.2522	1.5936	1.3673	5.4483	0	0.69538	3.4003	3.0821	0	2.1698	6.9711	0	0	0	1.1678	0.48726	6.1035	0.78722	1.0945	0.82215	0	0.64164	0.70936	0	0.15958	0	1.224	0	0.65538	0.23529	0	8.3259	2.8896	0.50178	0	1.7499	0	3.803	0	0	0	0	0	3.008	1.1108	0	6.6201	0.68416	1.6106	0	0.36805	0.14217	2.3976	3.1474	0.67644	2.0206	0.79421	0.028839	3.9155	0	0.34971	1.2338	0.15921	0	0	2.6576	4.1712	0.2542	0	0	0	0.3512	0.010552	0.75078	3.3865	0	0	1.777	5.1924	0.30365	0
GSM1191070_WT-pyr-1.CEL	1.2334	1.8568	3.5926	0.31931	0.0020008	0	0.7602	0	0.77165	0.67591	0	0.50759	0	3.9151	0.62125	0.080468	0	1.2568	0	0.67514	4.1307	7.0834	0	0	2.9564	0.36334	5.4103	0	0	2.2063	5.6301	1.5326	0.75219	4.2972	0	4.844	6.0415	0	0.14972	0	2.8774	0	0.16135	0	0	0.284	3.2704	1.4895	1.0814	1.2673	2.0307	1.5409	0	0	0	0	0	0.091825	0	0	0	0	6.5891	6.4772	0	9.3652	0	0	0	0	1.5214	1.9411	0.50315	0.25264	0	2.0501	0	3.0028	0	0	1.5203	7.4001	1.9971	0	0	0.21381	0.91624	7.6686	0.14855	0	0	0	0	0	0	0	0.86323	4.8683	0.81969	0
GSM821093_HZI0149_Pae_G1a.CEL	0	0.32631	2.1215	7.351	6.0751	0	2.9017	0	0.76806	0	3.4151	0	0	0	0.16351	0	0	0.52111	0.80445	0	0	1.9856	0	0.65318	0	2.7069	7.7644	0.45737	0	3.6669	0	0.70503	0	3.2581	0	6.8278	0.59583	0	1.3458	0	1.3126	0	2.3829	0	0.42179	5.4833	0	0.065537	6.4994	0	1.3458	6.248	0	0.25141	0	0	3.9869	0	0	0	2.0695	3.1461	1.3194	0.84759	0	3.0542	8.7318	0.0076703	0	0.31811	0	0	3.663	0	0	1.0334	0.2705	0	0	0	3.4447	0.89845	0	0	4.6563	0	0	4.6583	1.4857	0	0	0	0.40805	0	1.2425	1.144	0.16352	1.9757	4.6291	0
GSM187282.CEL	1.0315	0	4.5474	0	0	0	1.8407	0.0057545	0.78688	4.8762	0	4.7264	0	1.3929	0	0	0	1.0771	0	0	0	4.0965	0	0.087921	0	1.8658	0.38972	0.20637	0	2.006	0.52252	0.59891	2.6637	12.128	6.5807	5.2126	6.7496	1.6304	0	0	0.19885	0.56136	0	0	0.50375	4.1343	6.7659	0	2.8258	3.4693	0	2.3033	0	0	0	0	6.4717	0	0	0	0	3.3364	9.1552	0.17682	6.1854	0.70737	1.6372	0	0	10.409	0	5.4519	0	0	0	5.4214	0	3.4551	0	0.87516	8.5226	0	0	0	0	0	0.68597	0	0	0	2.9006	0.26189	0.5613	0	0	0	0.84735	0	7.2618	0
GSM432870.CEL	0.15888	0	0	0.7778	0	3.4308	3.0387	2.654	1.8142	0.6229	2.6582	1.6457	0	0	0.24736	0	0	0.27216	1.5474	0	0.35674	2.3702	0	1.0641	5.4825	0	4.7637	1.2506	0.56704	1.7197	0.7138	0.81991	0.10598	3.7855	0	5.1896	4.0651	0	0	0	1.5646	1.3305	0	5.368	0	0.34662	3.5831	4.9288	1.8488	0	0.066862	1.0019	0	1.0759	0	4.8888	0	0	2.4715	0	0.47541	0	0.96743	1.0735	0	1.9444	0	0	0	3.2974	3.9894	0	2.8427	2.7226	0	2.7101	0	5.0723	0	0	1.685	0	1.3577	1.1643	1.8943	0.90696	0	4.7397	2.7352	1.3127	7.3523	1.8301	0	0.57094	4.8556	0.7366	2.586	0	0.35381	0.057004
ETJan12B_1381_2012PAO6_2dR-aero.CEL	0.32198	0.51346	2.7124	1.8081	8.3405	0	3.9335	0	6.3558	0	0	3.677	0	0.67134	9.4962	0	0	1.6367	2.5508	0	0	3.6358	0	1.8187	2.6999	0	10.398	0	0	0.71328	7.0565	0.11178	0.30911	6.8978	0	4.439	0.70591	0	0	0	0.17128	0	0	0	0	0.88571	0	0	0.64964	0	5.5698	4.1331	0.25914	0	2.4709	0	0.32006	0	0.84223	0	0	0	8.3477	0.76893	0	0	0.6837	1.2349	0	0.6417	0.1288	0.16334	2.8308	0.54332	0	0	0	2.659	0	0	1.3828	0	0.53882	0	0	0	0	6.2053	0	0	0	0.49836	0	1.2178	0	0	0.84985	9.5722	0.72821	0
GSM1191067_sphR-pyr-2.CEL	1.8566	2.1912	3.7261	0.1646	0.22833	0	1.1174	0	1.0392	0	0	0.75183	0	2.6355	0.76766	0.054842	0	1.6396	0	0.29538	3.775	6.6378	0	0.0081351	1.8567	0.47623	6.2061	0	0	1.8826	4.8399	3.5612	1.5648	3.9765	0	5.2674	6.3519	0	0.17211	0	2.5369	0	0	0	0	0.62511	3.6894	0.22448	1.5497	0.52163	0.67353	1.8741	0	0	0	0	0	0.41054	0	0	0	0.40096	5.7969	6.1877	0	10.671	0	0	0	0.060171	2.8587	1.487	0.53367	2.097	0	2.6301	0	3.5804	0	0	2.5912	7.5825	0.9982	0	0	0.13863	0	6.9582	0	0	0	0	0	0	0	0	0.061738	5.1044	0.82258	0
GSM1662227_WFPA205_2.CEL	0.57691	0.083374	0.97057	4.0992	1.9328	0	0	2.6283	0.89414	0	0	1.1782	0	0.33794	0	0	0	1.0931	0	0.46721	0	5.1188	0	0.76001	4.7619	6.3541	6.7385	2.2803	0	0.087793	0	0	0	3.9122	0	5.4067	0.64657	2.5681	0	0	3.4884	0.21918	0	6.2843	0	1.9839	2.5482	0.57958	0	0	1.3407	2.4252	0	0	0	0.96833	0	0	0	2.2352	0.66911	0	0.72004	0	0.31598	4.1947	0	0	0	0.95831	0.19863	0	1.5276	0	0.3036	2.4546	0.17299	3.3067	0.0036411	0	4.0226	0	0.87778	0	0	4.1935	0	0.43424	4.523	0	1.1812	0	0	0	3.9555	0	9.2921	5.0158	0.17827	0
FT2_aerobic_wdh_Pae_G1a.CEL	0	0	1.2372	0.63415	0	0	0	0	0.82929	0	0	0	0	0.16667	1.3016	0.42592	0	1.0977	2.1875	0	0	1.2909	0	0	0.052078	0	5.218	0	1.3966	0	4.1512	2.3756	0.21085	2.3184	0	5.4712	0.89127	0	0	3.8911	1.0942	0.67538	0	0	0	0.63523	5.934	0.41446	4.1354	0.46111	2.5616	1.1558	0	0.022592	0	0	0	0	3.091	3.6774	0.14562	2.1408	3.8729	5.2183	0	2.3812	0.75339	0	0	2.9687	2.2446	0	0.10724	0.41562	0	0.027281	0	6.152	0	0.86443	4.0964	4.7162	0	0	0	0	3.5251	1.2353	0	0	7.5669	1.8481	0	0	0	0	0.81836	0.25425	0.43145	0.60126
GSM1206654_dgcA-CHO-2.CEL	1.2398	0	2.8508	0	0	0	0.036735	0	0	1.3013	0.73707	0	0	0	2.4182	0	0	1.2132	0	0.50752	0	1.0984	0	8.7012	1.4085	0	2.0689	0	1.8162	0.98701	4.4526	3.4272	1.6068	4.2769	0	5.6064	1.2404	0	0.19976	0	0.67983	0	0.37805	0	0	0.39629	3.0089	0	4.2427	0	1.197	1.8292	0	0.47785	0	0	0	0	0.21997	4.0431	0	0	3.8339	0.0343	0	7.64	0	0	0	2.2779	4.5901	0.077178	0.69662	3.9522	0	2.0162	0	5.0617	0	0.18115	3.3028	4.2378	0.54301	0	0.41915	0	0	4.2827	1.6967	0	1.9646	0.78795	0	0	0	0	0	6.9384	1.1639	0
GSM187267.CEL	0	0	1.1059	0	0	0	6.0614	0.069712	1.1386	5.9227	0.56344	4.3239	0	0	0	0.23489	0	1.0807	0	0	1.342	1.3156	0	0	2.204	0	0.74837	1.0724	0	3.1781	0.94392	0.88725	2.9701	8.6914	6.7653	5.8553	5.9007	0	0	0	1.3325	0.35315	0	2.0533	0	7.1171	8.9289	7.1875	3.3312	0	0.90123	0.70312	0	7.9806	0	3.7865	0.083867	0	0.29731	0	0	0.60884	1.1151	2.0729	5.2946	1.962	0	0	0	0.79222	2.741	0	1.2394	2.9789	0	0.97215	0	3.3392	0	3.2226	5.8523	0	0	0.49896	0.49275	0.47612	0	0	0	0	5.3342	1.3695	0	0	0	0	0	0	9.304	0
GSM1517348_MK-2.CEL	1.8913	0.29623	6.5977	0	0.29616	1.0385	0	0	2.1981	2.3897	0	0.35872	0	0	0.81576	0.20759	0	0.3299	0	5.9208	0	2.046	0	0.32513	3.9672	0	5.4399	0.052588	0	1.4255	3.367	0	0.21805	8.7168	0	4.1835	0.44405	0	0.40135	0	0.79055	3.2667	0.12039	0.27707	0	4.3539	6.7492	10.454	0.44777	0	0	1.3394	2.7326	0	0	5.162	0	0.78547	0.34486	0	0.3202	0	1.7102	0.83071	0.62245	3.513	0.16184	0.35674	0	0.81823	0.013084	0	0	2.0841	0	1.0955	0	3.3484	0	0	0.71483	0	3.6644	0	0	0.46163	0	2.7948	5.973	0	0	0	0	2.3145	5.8674	0.80198	2.5852	1.6941	1.2544	0.12757
GSM261921.CEL	0	0	1.2205	3.6735	2.6891	0	3.8988	3.3581	1.5814	0.05203	1.5712	0	0.2259	0	0.16695	0	0	1.0449	1.9687	0	0	2.7031	0	2.1905	2.2023	4.0117	2.061	0	0	0.81017	0	1.9918	0	4.2474	0.32695	6.8234	1.535	0.92446	5.0683	0.14095	0.19261	0.44945	5.745	0	0	2.6574	0.088969	0	5.7155	0	6.5164	1.5067	0	0.44281	0.77105	0.58326	2.3352	0	0	1.8147	0	2.0045	2.7209	0	0	3.2797	2.8056	0.040313	0	3.1938	2.5629	1.8457	3.7812	0.32803	0	0	0.16315	2.6667	0	0.1145	4.1129	0	0	0	4.437	1.3298	0	0	6.3611	0	3.2439	0.30794	0.22137	0	0	1.0134	0.27955	0	2.8661	0.040962
GSM2070483_OCio-03-MutS-3-start-Pae_G1a-c1.CEL	0.89206	0	1.8267	0	0	4.3536	0.81874	0.70622	1.267	3.7001	2.1135	0.66392	0	2.8832	0.97778	0.41649	0	1.3679	0	5.2747	1.0252	7.48	2.074	0.18576	6.9046	0	3.5836	2.5952	0	2.8753	0	0.1307	0	1.6719	0	4.843	2.2833	6.1294	0	0	1.3762	0	1.8185	1.7252	0	1.2093	0	1.5462	0.04596	0	1.0481	0.15757	0	0.20267	0	4.99	0.97661	0	0.38681	0	0.26975	0	0.71512	3.159	0.9075	3.2296	2.8157	0	0	0.50509	0.92493	0	0.9368	0.54956	0.24177	0.36569	0	6.3491	0.82992	0	2.5609	0	1.5642	0	0	0	1.9788	4.6546	0.022311	0	4.5884	1.8455	0	3.3403	0	6.0933	0.8032	0	1.2234	0.89872
GSM573323.CEL	0	0	0.64963	0.12635	0	0.36179	3.6731	0	0	6.2253	0.62896	0.14934	0	4.3247	1.0312	0.18762	0	0	0	3.8611	7.2284	0.83589	0	0.43098	4.8729	0	2.3596	0.82814	0	5.8202	1.7324	1.4295	0.65897	1.4243	0	2.619	5.6388	0	0	0	2.8995	0	0	5.533	0.15533	0	1.4962	7.0925	0	0	3.0532	0.31277	0.77853	0.56694	0	1.5753	0	0	0.22436	0	0.14199	7.1067	0.13101	7.6308	4.483	4.4959	1.271	0	0	0.47467	5.2914	0	0	6.4521	0	1.0209	0	3.0477	0	0.49802	6.02	0	7.9091	0.39986	0	1.3578	0	4.2932	2.1896	1.5532	0.75883	2.0518	0.38321	0.90241	0	0.99871	0.46747	0.6794	2.9446	0
0.1_2hr_CSV86(Pae_G1a).CEL	0	2.1824	10.368	0	0.18104	0	0	0	0	0	0	0.40081	0	0	0.24767	0	0	0.80114	0	1.0944	0	1.1968	0	10.487	0	0.10098	10.577	4.4936	0	0	1.2649	0	5.7103	4.0496	0	7.7546	0	0	0.81229	0	3.5966	0	0	0	0	5.8175	0	0	0.29501	0	0	13.762	0.51915	0	0	0	0	0	0	0	3.4388	6.5456	0.43422	0	0	0.20714	0.49685	0.63513	0	0.70137	0	0	0.024359	3.4152	0	2.2935	0	5.5501	0	0	11.133	0.16698	2.8247	0	5.4484	0	0	0.62544	4.8028	3.5468	2.0324	0	0	0	0.21614	1.0882	1.2487	5.558	0	2.6489
GSM821091_HZI0146_Pae_G1a.CEL	0	0	5.6478	2.3553	8.6649	0	8.2792	0	1.3438	2.502	3.7441	0.43277	0	2.5388	0	0.61096	0	0.30446	0	0	0.85827	0	0	0	2.9234	6.1684	4.6037	1.5449	0	2.5831	0.1106	1.9773	1.1617	3.1019	0.79882	3.4058	5.4058	1.5236	0.014467	0	0	0	0	1.829	0.21658	8.0505	3.0955	6.8057	3.1346	0	1.2368	3.5117	0	3.8747	0	1.5505	0	0	0	0	0	2.2827	2.2424	2.7258	0	1.0261	4.2121	0	0	2.2961	0.8862	0	2.7686	0.53745	0	0.51361	0.17693	1.0605	0	0	1.6589	1.3021	1.4283	0	2.4764	0	0	1.005	5.0336	0	0	1.2459	0	0	4.8541	0	3.3526	0.80126	8.2324	0
GSM208621.CEL	0	0	0	6.4424	0	0.3097	2.5803	0.017635	6.8002	5.912	1.0605	0	0	0	4.5542	0	0	2.7801	1.2728	2.6719	0.86733	4.4487	0	1.6803	8.8393	3.3075	3.4946	0.50097	0	3.1247	0.1302	0	0	3.4754	0	6.9717	0.85888	0.21994	1.4604	1.7882	3.45	0.1761	0	0.43766	0	3.556	0	3.7884	0.056657	0	0.40584	1.6837	0	5.8276	1.1361	0	0	0	0	0	0	0	0.36565	4.1958	0.45103	0.37571	0.30098	0	0	2.2711	0	0	2.2673	6.0458	0	1.3496	1.9049	4.294	0	0.63667	0.72473	0.0017008	0	4.4297	4.5798	2.3357	0.13585	0.24119	0.16866	0	4.6651	0.38331	0	0	0	5.0052	4.1697	0.67112	5.7329	0
GSM1244969_PAO1-22-replicate-03.CEL	0	0	3.2522	0	0	2.3199	5.4079	0	0	0	0.062109	0.42239	0	0	0	2.0176	0	1.6212	1.9364	0	0	1.7212	0	0.2597	3.2931	0	2.3873	0.10197	0	2.1559	0.74583	0.91067	7.8646	2.47	0	6.5126	0.82162	0	0.15403	0	1.8273	0.67617	0	7.1826	0.90773	1.6553	8.1058	0	0	0	0.63122	0.55658	0	1.4455	0	0	0	0	0.40967	0.078287	7.958	0	0.25956	0	3.6662	0.62036	0.86502	0.821	0	4.1885	7.5933	0	0	0	5.0178	0.16784	0	5.613	0	1.9086	2.0586	0	0.14693	3.9647	0	0.42581	5.4966	0	0	0	4.6819	0.91816	0	0.45609	1.0074	0	8.8915	4.3744	0.11301	0.4924
GSM738265.CEL	0	0	7.3389	0	2.1769	0	2.1657	0	2.301	0	0	0.23211	0	0	0	0.66993	0	0.23285	0	0	0.12977	1.7354	0	2.2799	2.0163	0	5.2392	0.7296	0.53377	2.0743	1.0394	0.98485	0	4.8472	0	3.4993	2.9645	0	0	0	0	0	0	0.22405	2.8867	1.7669	6.2161	0.35201	0.22515	0	0	0.89574	2.2414	0	0	5.2377	0	0.35378	0	0	0	6.645	0.71988	0.023121	7.5642	7.3352	0	0	0	0	0	0	0.54346	1.0813	0	0	0	5.1274	0	0	4.0042	0.16179	6.5388	0	0	0	0	0	0	0	0	0	0	7.246	0	0	7.8226	0	0.15854	0.05541
GSM711451.CEL	0.60918	0	1.6452	0	0	4.8013	1.563	0	0	3.0818	0.52263	0.25959	0	1.7037	0	0.13812	0	0.68431	0	7.2921	0.42682	0.50821	0.027879	0.59779	2.8952	0	4.4236	0	0	2.975	0.89397	1.2585	0.05284	3.9871	0	6.0326	0.18552	1.8823	0.86202	6.3415	2.022	0	0	0	0.21325	1.8301	0	8.1452	0.4654	0	2.008	0.4134	0	0	0	1.4287	0	0	0	0	3.4116	0	1.0766	0	7.3184	3.6994	0.23611	0	0	0.55587	4.195	0	6.8869	0	1.108	0.75788	0	6.4945	0	0.66168	5.1386	0.87577	0	0	0	1.1856	2.1741	0	0.79603	0	4.1153	0.46303	0	4.0398	0	5.6973	0.14524	0	4.1649	0
GSM774150_B38-1_3.CEL	0	0	0	0	0.72081	0	5.0989	2.6555	2.518	0	0	7.1026	0	2.5769	0	0.50161	0	0.83274	0	0	0.093205	0.9655	0	0	6.8384	4.7045	5.9639	1.0812	3.9239	3.1456	0.17234	0	0.079563	2.9632	0.40418	5.9344	0.4533	0	0.027032	0	0.60249	1.0919	0	0	0	7.6599	0	1.3539	1.4814	0	1.6891	1.5429	0	0.28939	3.5369	0.11999	1.3578	0	0	0	0.24485	0	1.8603	0.88226	0	0.64572	0	0	0	1.4387	0.17964	3.226	7.2465	0.35255	0	2.1494	0.18961	2.8561	2.1937	0	2.1506	6.1104	0	2.7527	0	4.471	0.52827	0	0	0	0.58065	1.2918	0	0	0	0	2.1816	0.78896	1.1203	0
GSM854800.CEL	0.63255	0	8.3066	0	0	0	0.63314	1.3492	0	0	2.7318	0.21141	0	0.68327	0	1.3458	0	0.92521	0.33885	2.7313	0	1.8337	0	0	0	1.9118	3.6613	0	0	2.9604	0	1.8141	0	0.40775	0.80001	10.321	0.15108	0	0	3.4808	3.7679	0.35171	5.5899	0	0	0.80963	5.0375	0	9.932	0	0	6.1858	0	0	0	0.95381	3.8293	0	0	0	2.5238	0	0.59614	0	6.636	0	0.54996	0.10989	0	1.4449	0.068861	0	3.3813	3.7234	0	0	1.4046	5.6867	0	1.0965	6.9002	0	0	0	3.9706	0.20969	5.7301	0.0031897	0	0	9.9146	0	0	0	0.83087	0	2.6153	0	1.5877	0
GSM637584.CEL	0.43021	0	6.7879	0	1.7652	0.77499	3.0361	3.3977	0	0	0.52856	0.082396	0	1.7013	0	0.15283	1.9853	2.3579	0	0	0	2.4678	0	0	1.7638	3.9242	5.1186	0	0	0.44042	0.58262	0.36632	0.11194	7.1222	0	6.9605	0.99977	0.93794	2.0929	0	0.61683	0.22423	0.051681	0	0.72918	2.9533	0.021019	0	3.3813	0	7.6225	4.4199	0.20994	1.5695	0	0	3.2992	0	0.30337	4.1749	4.7171	0	7.6428	0	4.2356	0.23069	1.6349	0.62756	0	3.6666	0	0	0	0	0	0	0.14768	5.0197	0	0.40329	8.5414	0.3457	6.0577	0	2.0992	0	5.8625	0.096984	2.2617	0	4.3025	0.96665	0	1.0882	0	0	0.84642	6.4667	0	0
GSM546277.CEL	0	0	0.73898	0	0	0	3.9606	5.4246	0	1.9221	0	4.2194	0	2.7659	0.55214	0	0	0.93646	0	0.10765	1.9031	2.0587	0	0	3.2322	3.6658	7.9882	0	1.4108	6.0418	0	0	0.99127	4.3417	0.47645	5.2345	1.9222	2.5922	0	0	1.3665	0.69437	0	0	0	0.35529	0	1.049	0	4.8394	4.8265	2.7437	0.99809	0	0.59468	0	0	0	0	0	0	0.64959	3.5736	0	0	2.3791	0.23411	0.27903	0	11.526	0	6.1069	0	1.9076	0	2.542	0	3.2176	0	0	2.3082	1.2108	8.0975	0	0	1.2385	4.6302	0.13497	0.54085	0	0.60369	0	3.2355	0	2.382	4.5414	2.2969	0.78157	0	1.0355
GSM92176.CEL	2.9826	0	11.525	0	4.5249	0.52651	2.8346	0	0.67349	2.4747	0.12218	0	0	0.8653	0.18223	0.14336	0	0.51694	0	2.8378	0	0.2495	0	0.1672	1.0476	0.0046016	5.8748	0	0.087036	0.25241	0	1.3856	1.9168	3.2962	0	4.0756	4.6432	0	0	0	0	0.64998	0	1.3113	0	3.1612	5.4243	10.243	0.37169	0	0.31838	1.4958	0.9571	0	0	2.683	0	1.6725	0	0	0.45859	5.1427	3.2669	0	0	4.5719	1.322	0	0	0.89631	1.7181	0	0	0.23403	0.035354	1.1776	0	3.2383	0	0.099246	1.5536	5.0403	0.83642	1.3859	0	0	0	1.2103	4.2242	0	0	2.0363	0	0.045159	5.2814	0.71219	7.0343	1.0045	1.9493	0
GSM774092_CF66-1973b.CEL	0	0	0.98482	1.8164	2.2411	0	5.366	0.36916	2.706	6.8931	0.20388	6.4261	0.90695	5.5605	0.10259	0	0	0.82624	0.76686	0.39422	1.0103	0.85228	1.6204	0	4.0109	0	4.3643	0	5.9062	4.7056	0.016842	0	0	0.84265	0.71182	6.7329	0.92674	0	0	0	0.49075	0.94577	0	0.89261	0	5.2491	0	0	1.0699	0	7.1466	1.1765	2.4249	0.79336	2.5784	2.5594	2.0561	0	0	0	0.42013	0	1.8983	0.40839	0	3.7832	5.3481	0.60535	0	1.6917	0	4.0313	1.0463	0	0	0.33455	0.41054	2.1321	0	0.54449	2.7979	0.4597	0	0	3.0412	0.59729	0	0	0	0	0.38717	0.39613	0.85091	1.9402	0	0	1.0333	5.4066	0.57928	0
GSM261927.CEL	0	0.21671	3.7333	0	0	0	0.11207	0	0.014789	3.3363	0	0.44354	0	1.7378	0	0	0	0.8269	0	7.0461	0	4.6945	0	2.4803	1.4753	1.3683	2.6336	0.21	0	2.9215	0	0	1.8108	7.251	0	7.827	0.44733	2.5841	6.3482	0	0.9115	0.45273	0.27328	0	0.29861	0.60242	2.1276	2.0149	0.62759	0.47394	9.3761	2.1392	0	0	0	0	0	0	0	0.69843	0	0	1.8611	0.51767	0.02728	6.3047	0	1.3803	0	5.1173	3.749	3.2566	2.8435	0.42714	0	0.31578	0	5.1217	0	0.51912	0.83769	0	0	0	5.0033	3.0038	0	0	7.486	0	1.2241	0	0	3.9249	0	0.090742	2.834	0.57016	2.8542	0
GSM1937530_50-38_B.021511_Pae_G1a_.CEL	0	0	0.41768	0.4533	0	0	0.93177	0	3.4807	7.0415	0	0	0	0.11167	6.0533	0.13453	0	1.2872	1.467	1.6226	0	6.7482	0	0.42114	8.5075	4.3769	5.018	0.56411	1.8862	1.8181	0	0	0	7.2955	2.1487	5.0188	0.6013	2.7182	1.855	0	1.883	0	0	0	0	2.0225	0	4.0354	0.11365	0	4.6718	0.688	0	3.6388	4.1609	0	2.1625	0	1.8786	2.8491	0.84344	2.0395	0.88995	0.52724	0	0.75536	0	0	0	0.79195	1.0294	0	0	0.40988	0	5.1815	0	2.9738	0	0	4.2601	0	2.3352	0.43246	0	1.4981	2.7785	0.097004	6.0854	0	0.043345	0.39955	0.064023	0	0	2.2656	4.2243	0.86106	0	0
GSM267258.CEL	0.42312	0	0.29831	4.0149	2.8543	1.9412	0	0.41868	2.795	0	1.935	1.6687	0	3.1343	0.48625	0	0	0.02467	0.2549	0	0	2.4263	0	1.2024	4.1802	0	4.8245	1.6166	0.6577	0	0	0	0.34879	6.3939	0	6.1338	3.8018	0	0	0	1.7172	1.5039	3.3231	5.4662	0	1.0931	1.9243	2.1167	2.472	0	0	0.95556	0	0	0	4.8847	0.37637	0	2.5197	3.2518	0	2.1915	0.57033	0	0	1.9296	2.3161	0.14237	0	0.32865	2.5807	0.14572	0	1.9759	0	1.283	0	6.9626	0	0	3.3079	0.050894	2.2209	0	0	0	0	2.9901	3.68	0	4.259	7.2035	0	1.7958	2.4991	2.3676	0.52654	0	0	1.3706
