	0	1	2	3	4	5	6	7	8	9
GSM156172.CEL	7.7765	0.64695	0.11424	0	0	2.8126	0.49724	0	5.5552	0
Fos3_aerobic_wdh_Pae_G1a.CEL	0	0	0.19479	0	0	1.9177	2.0091	0	8.0662	0
144_2014wt_anaero.CEL	1.8105	4.7988	0	6.9792	0	0.65018	2.0136	0	7.7111	0
GSM1206645_WT-CHO-1.CEL	0	0	1.3123	1.7565	0	0	5.4008	0	9.2482	3.0105
GSM1206647_WT-DTC-1.CEL	0	0.011957	1.0599	1.5622	0	0	5.5159	0	8.9576	2.4173
GSM1206651_WT-PRC-1.CEL	0	0	1.0738	1.5192	0	0	5.4668	0	9.2969	2.4818
GSM252501.CEL	4.9892	2.3929	0.31561	0	0	1.1653	3.5381	0.030504	1.9719	0
GSM1206649_WT-ETC-1.CEL	0	0	1.2228	1.5276	0	0	5.4023	0	9.0572	2.766
GSM1206646_WT-CHO-2.CEL	0	0	0.9556	1.5698	0	0	5.4096	0	9.1427	2.3614
GSM432865.CEL	6.9228	4.0919	0	4.9779	0	0	0.14391	0.25194	0	0
control3_anaerobic_Pae_G1a.CEL	0.11649	3.9649	0.50908	0.047078	0	0.66638	0	0	9.5171	0
GSM1206652_WT-PRC-2.CEL	0	0	1.2716	1.6618	0	0	5.5519	0	9.5268	2.8026
GSM1191067_sphR-pyr-2.CEL	0.18547	0	3.1256	1.2226	0	0	4.4454	0.21968	9.5337	4.112
FT2_anaerobic_Pae_G1a.CEL	0	3.5994	0.40304	0	0	0.30075	0	0	8.7962	0
Tob1_anaerobic_Pae_G1a.CEL	0	2.6696	0.21482	0	0	0.60022	0	0	8.8165	0
GSM1206650_WT-ETC-2.CEL	0	0	1.1073	1.2656	0	0	5.229	0	8.6017	2.4117
control2aerobic_Pae_G1a.CEL	0	0.099481	0.45304	0	0	0.93198	0	0.028988	9.1324	0
GSM252505.CEL	4.8619	2.3146	0.36784	0	0	0.99508	3.1993	0.074761	1.9726	0.11388
GSM1191066_sphR-pyr-1.CEL	0	0	3.2565	1.6976	0	0	4.058	0.14492	9.5757	3.8808
GSM1206653_dgcA-CHO-1.CEL	0	0	1.0777	1.5736	0	0.40842	5.6179	0	9.5926	2.0659
GSM1618386_Wound2.CEL	0	0	0	0	1.9071	3.0471	5.5468	0	0.67083	0
GSM1206654_dgcA-CHO-2.CEL	0	0	1.1158	1.6874	0	0.2593	5.4261	0	9.5265	2.3476
ETJan12B_1381_2012PAO6_2dR-aero.CEL	2.2527	6.3028	0.066843	7.067	0	2.2094	4.377	0	9.2207	0
fos1aerobic_Pae_G1a.CEL	0	1.1036	0.55225	0	0	0.09124	0	0.14842	8.8411	0
fos2aerobic_Pae_G1a.CEL	0	0.12408	0.34086	0	0	0.57272	0	0.016457	8.5797	0
GSM1191071_WT-pyr-2.CEL	0.012055	0	3.0511	1.6372	0	0	4.4748	0.30279	9.4243	3.731
0.1_12hr_CSV86(Pae_G1a).CEL	0	0	0.11044	1.3925	0	4.8659	7.8322	0	2.3282	0.11639
GSM208611.CEL	0	4.2592	0	6.0778	0	0	0	0.055461	0	0.11792
MSC_02.CEL	6.6653	5.0794	0	4.947	0.38075	0	0.12304	0.56262	1.3344	0
GSM567680.CEL	0.55853	2.184	0	0	0	6.5085	1.2972	0.32417	4.3659	0
GSM208610.CEL	1.2993	5.5568	0	5.5385	0	0	0	0	0	0.52588
ETJan12B_1378_2012-PAO3wt-aero.CEL	1.7079	5.4692	0.066424	6.2007	0	3.0137	5.1828	0	8.509	0
FT1_anaerobic_Pae_G1a.CEL	0	3.317	0.40491	0	0	0.23854	0	0	8.903	0
20mM_CF600.CEL	0	0	0.070285	2.2024	0	5.3213	8.0393	0	2.3553	0.13512
control1aerobic_Pae_G1a.CEL	0	1.4323	0.57558	0	0	0.065619	0	0.085843	8.924	0
Tob2_anaerobic_Pae_G1a.CEL	0	3.2952	0.43178	0	0	0.27448	0	0	9.1104	0
147_2014dR_anaero.CEL	1.8992	4.7193	0.12632	7.5949	0	0.32415	1.387	0.34025	7.9204	0.040406
ETJan12B_1377_2012-PAO2wt-aero.CEL	2.1659	5.9035	0	6.554	0	2.2267	4.387	0	8.8461	0
ETJan12B_1380_2012PAO5dR-aero.CEL	2.513	6.386	0	7.5104	0	2.0374	4.2482	0	9.1297	0
145_2014dR_anaero.CEL	1.8527	4.623	0.22506	7.5152	0	0.53098	1.7281	0.16303	7.8992	0.017123
GSM1421008_fhpR_NO1.CEL	5.7249	4.2548	0	5.7988	0	0	0	3.1854	0.32572	0
GSM1206644_WT-PYR-2.CEL	0	0	1.362	1.7159	0	0	5.3754	0	9.3262	3.0722
GSM537321.CEL	0	0	0	2.3068	1.3607	0.70617	6.9347	0.073945	5.5088	0
GSM1662232_WFPA510_1.CEL	0.40232	4.3625	0	0.13343	6.5446	0	0.078324	5.3108	5.1585	0.068237
GSM1421009_fhpR_NO2.CEL	6.0466	4.2387	0	5.3698	0	0	0	2.5663	0.079822	0
MSC_08.CEL	4.5764	4.3979	0	6.1852	1.9407	0	0.01482	2.5857	3.0296	0
GSM243224.CEL	0.49796	2.5362	0.52933	5.8373	0	0	0.25627	2.5989	2.5282	0.13707
GSM1206648_WT-DTC-2.CEL	0	0	0.98849	1.4725	0	0	5.5214	0	9.336	2.1538
GSM717424.CEL	0.075338	0	0.039692	0.7583	3.6745	3.538	6.1713	0	1.9667	0
FT3_anaerobic_Pae_G1a.CEL	0	3.7495	0.5813	0.25479	0	0.13673	0	0	9.1718	0
GSM567681.CEL	0.92494	2.602	0	0	0	6.0461	0.87214	0.51133	4.9149	0.050466
GSM596626.CEL	1.6643	1.1748	2.376	0.14477	0	0.70655	1.4466	0.03458	2.8322	2.3217
GSM1420993_PAO1_NO2.CEL	5.8524	4.0003	0	5.3295	0	0	0	2.8692	0.28919	0
Glu_6Hour_(Pae_G1a).CEL	0	0	0.053658	2.2284	0	5.1622	8.0187	0	2.7578	0.13186
GSM252496.CEL	5.0358	2.0809	0.35352	0	0	1.4263	4.1038	0	1.969	0
GSM432864.CEL	6.8165	4.1994	0	4.964	0	0	0.11523	0.51052	0	0
GSM208614.CEL	0	3.2885	0	5.9306	0	0	0	1.2954	0	0.35291
fos3_anaerobic_Pae_G1a.CEL	0	3.0194	0.53748	0	0	0.45828	0	0.11556	9.3035	0
GSM1191069_sphR-surf-2.CEL	0.41026	0.0082174	3.6035	2.584	0	0	3.3094	0.95301	9.206	2.8292
GSM842842_Wright_4_WT-stat-1_Pae_G1a.CEL	9.7664	0	0.42128	0	4.6885	1.6868	0	1.0655	4.1075	3.4345
