	0	1	2	3	4	5	6	7	8	9	10	11	12	13	14	15	16	17	18	19	20	21	22	23	24	25	26	27	28	29	30	31	32	33	34	35	36	37	38	39	40	41	42	43	44	45	46	47	48	49	50	51	52	53	54	55	56	57	58	59	60	61	62	63	64	65	66	67	68	69	70	71	72	73	74	75	76	77	78	79	80	81	82	83	84	85	86	87	88	89	90	91	92	93	94	95	96	97	98	99
GSM199985.CEL	0	4.6253	0.29659	4.2501	2.5132	5.0717	0	4.4334	0	0	0.20373	0	0	0	0	0	4.2941	0.84262	10.258	0	0	4.0185	0.40694	0.13388	0	0	0	1.4993	0.097225	0	0	0.063637	0.23802	0.027098	0.22255	0	0.12056	0	0	0	0.94128	2.7867	0.056371	3.4177	0.16565	0.57601	0	2.1129	0.52471	5.0516	0.74279	1.0213	0.60591	0	0	2.1753	0	3.5097	0.67831	0	3.0222	0.69412	0.59763	0.57105	0	0.48109	0.047977	6.7131	4.8129	0.70391	1.3763	0.40292	0.62645	0	0	3.6358	0.0080314	0.54684	0.56549	1.3455	0.012346	0	0.25439	1.676	0.93201	0	0	1.8152	2.4627	4.9574	0.59854	2.4254	0	0	1.0108	0.26381	2.6468	0.30939	0	0
GSM2055818_7629_B-_20130705.CEL	1.8097	5.4503	0	1.5811	2.0203	6.1151	0	3.4295	3.8274	0	2.7724	0.58678	0.28139	0	0	0	5.8077	6.2891	5.2872	0.46326	0.18824	5.0972	0	0.63445	0	0	0	1.8057	2.565	0.055388	0	0	0	1.3601	0	0	0	1.4338	0	0	4.2263	0	0	0.10973	4.4118	0.86054	0	0.44335	0.99695	0	0	0	0	2.9203	2.5356	0.47899	0.059341	3.0581	0.12029	0	0.31285	0	0.049951	3.6982	2.0228	0.60272	0	6.1114	2.5485	0.45858	1.3201	0.88906	3.1158	0	0	3.8355	0.75164	0.49561	3.3135	3.3993	0.63327	0	0.64041	3.6214	0	0.50197	0	0	1.4719	2.7898	0	0	1.0962	0	0	0	0.82458	1.8366	0.23128	0
GSM900179_F2_Pae_G1a_.CEL	4.3829	4.755	0	0	2.1049	0.85816	0	0.37988	2.5377	0	2.749	1.2835	0	2.6868	0.42487	0	4.2351	0	1.8119	0	1.9411	0.053185	0	0	0	0.33674	0	7.7171	0	0	0	4.0375	4.5645	0	0	0	4.7992	0	0	0.11112	2.2443	0.94224	0	0	4.6229	0.76568	0	2.6695	3.5634	0.41658	6.6209	0	7.0856	0.85159	0	0	0	4.9959	1.0805	0	0	0.70734	0.35446	3.4529	0.53566	2.0256	0.97052	5.4198	0	0.45171	0	0.63086	1.3247	0	0	2.3972	0.31497	0.75543	0	8.2331	2.6147	3.942	1.9246	0	0	0	0	0.20069	0	0	0	2.2677	0.33422	0	0	0	0.30789	0	0	2.0882
GSM954579_Nomura_PA01-4_Pae_G1a_.CEL	0	5.013	0	0	0.5019	1.6195	0	0.62717	0	0	5.2203	2.2076	0	0.72312	0.026377	2.5813	2.7571	0	5.5176	0	0	0	0	4.5284	0	0	0	6.3457	0	0	0	2.2507	1.3397	0.19917	1.8644	0	6.3625	0	0	0	0	6.7391	0	1.7874	3.0238	0.21648	0.17568	1.0197	0.158	3.7132	0.4907	0	3.0424	0.30579	0	0	0	3.8016	0	0	0.089756	0	0.43621	0	0	0	0	7.5144	2.6993	0.94912	0.53042	0.035559	0.014011	1.1043	3.596	1.0215	0	0.040279	0.69244	5.0929	0	0	1.655	0	0.2411	0.10635	0.95538	2.7732	0.41771	3.6321	2.2094	4.2974	0	0.57243	4.5416	0	2.6254	0.34803	0	0
GSM1133189_Weiqing_He_L-Glu-2_022410.CEL	2.9742	6.5016	0.32932	0.20474	0	1.0129	0	2.9551	0.96192	0.72485	5.3942	4.0831	0	0	5.4256	0	6.2779	4.68	2.1487	0.45629	2.5361	4.2681	0.16219	0.044495	0.43731	0.91504	0	0	0	0.36107	0	0	0.092339	0	1.4474	0	0.1849	3.2451	1.2433	0.51131	2.8088	0	0	0	4.6846	0.52413	0	1.0096	0.13967	0	1.6843	0	0	4.4839	0	0	0	4.402	0	0	0	0	0	0.83992	0.37203	3.8195	0	6.937	1.2383	1.0621	0.63233	1.1827	0	5.3864	0.20387	1.5026	0.54371	0.59537	1.6613	5.6358	0	0	0	0	0	3.2915	0	0	0.67132	0	0	0	1.0221	0	0.31634	2.8335	1.0655	0.30184	5.2438	0.55849
GSM821495.CEL	0.6726	3.7981	2.055	0	0	3.318	0	1.712	0	0	0.91087	0	0	0.019689	0	0.23862	2.7159	0	9.4201	0.3916	0	1.9993	0	0	0	0.30411	0	1.4409	0	0	0	0.23105	0.65255	0	6.8921	0.16432	3.8419	2.244	0	0	1.2995	6.8154	0	3.1139	1.0864	0.85392	2.2217	4.868	0	2.697	0	0	2.237	1.2568	0	0.51009	0	4.2596	0	0	0.21087	0.95757	1.408	0	0	0	0	7.6795	4.0816	0	1.0522	0.88834	0	3.1007	0	0.69138	0	0.62266	1.3188	4.0524	0.28181	0	1.123	0	0	0	0	0	4.0148	4.0009	0.20179	2.2765	0.30472	0	3.4488	0	4.9535	0.24924	2.0739	0
GSM822689_wtBSM_A.CEL	0.66929	6.5822	1.7754	2.0944	0.62303	1.5062	0	0	1.1383	0	2.024	0.18977	0	0	0	0	5.3644	0	2.6408	0.49742	0.30344	0.59339	0.093866	0	0	0	0	0.051203	0	0	3.8528	0.047829	0.88787	0.60275	4.0623	0	0.42252	0.33939	0	0	3.9193	2.8502	0	0.30037	1.0095	4.2199	2.6408	6.9426	0	2.0236	0.72065	0.36667	1.9675	4.5523	0	0.11851	0	4.4274	0	0.28402	0	0	0.35689	0	0.17389	0.033903	0	7.4492	5.5751	1.1098	1.3152	1.0167	0	7.1864	0	2.0011	2.2038	0.52016	0	3.3977	0	0	0.57212	1.9631	1.6853	1.9153	0	0	1.2759	2.487	1.3613	0.047043	0	0	0.12908	2.1068	0	0	1.1397	0
GSM560759.CEL	1.1777	5.5652	0	5.5099	0	3.0717	0	0.037191	0	0	3.4269	0	0	0	0	3.3157	3.8305	0	8.1003	0	0	0.58483	0	0	0	0.095129	0.06214	5.0982	0	0	1.0759	0.0064102	1.2466	0	0.12686	0	0	2.1414	0	2.7172	0	0.40504	0	0.85914	0.88243	0.47925	0	0	0	3.2378	0	0	5.217	0.50713	0.062334	0	0	4.593	1.7114	2.0438	0.3011	3.207	0.2638	0	0.085485	0	1.7183	5.8936	0	0.28374	0.81543	0.99704	0	0	0.60235	2.3923	2.7287	0.48535	0	6.1582	0	0.51511	0.52844	0	0	0.27344	0	0.057929	0	0	0.24957	1.2558	0.00033653	0	0.0043025	0	3.7202	0.085091	0.8687	3.8686
GSM2070494_OCio-14-MutS_A_d94_cipro_2-Pae_G1a-a1.CEL	5.1081	7.3596	0.26401	0	0	3.6818	0	1.3066	0.2272	2.3399	2.8067	0.24201	0.17499	1.5365	0	3.0116	6.6211	1.815	0	0.14519	2.7804	0.055148	0	0	0	0.39695	0	6.0038	0	0	0	0	0.082437	0.090863	0.3708	0	0	5.6221	0.27328	2.0947	0	0	0	0.48164	7.3334	1.1116	0	0.77555	1.1145	0	1.8743	0.80859	1.0126	0	0	0.63776	0.55852	5.1127	0	0	0.47249	0	0.43409	4.2581	1.1059	0.98149	2.3699	6.069	0	0.24711	0.83931	0.093036	2.3006	0	0	5.6995	0	0.21904	1.1078	3.8448	0	0	1.1251	0	0.22139	0	1.9226	2.5841	0.70567	0	0	0	2.9315	0	1.2512	0	1.2078	2.6048	0	0
GSM1267104_HZI1970_Pae_G1a.CEL	0.47931	6.4633	0.54201	0	5.269	3.5965	1.9501	2.3458	0.061198	0	1.9004	0.71601	0	1.6872	2.2522	0	5.5722	0.27605	4.6918	0.36164	6.1035	0	0	0	0	0	0.99752	0	0.30251	0	0	0	0.15937	0	2.1508	0	1.536	0.53404	0	0	0.64479	0	0	1.8855	2.7735	0	0	0.3675	0.12635	0	0	0.33221	2.3683	0	0	0.22828	0	5.8772	0	0	0	0.76719	0.34275	1.9899	0.63098	1.9566	0.63627	5.7104	3.9792	1.2873	0.44485	0.64575	0.57238	5.5495	2.9188	2.9931	0	0.12197	0	2.0181	0	0	0.37405	0.42473	1.158	0.7632	0	2.1985	0.51776	4.6145	0	0	0	0	3.6606	1.6308	0	0	0.20068	0.191
GSM838219_PAO1-5344-3_Pae_G1a.CEL	0	5.1713	0.61163	0	2.6423	1.8156	0	0	0.1645	0	0	0.06853	2.6283	1.2407	3.0603	0	4.3798	0	5.1922	0.95477	0	0	0.11353	0	0	0	0	0.79952	0	0	0	1.0708	6.423	1.5228	2.8823	0	0	0	0	2.1866	0	3.9912	0	0	4.3606	0.81501	0	7.6462	2.4516	0	0.48943	0.30083	8.3167	0	0	0	0.1162	3.2555	0	0	0	0.82726	0.77565	1.0191	0	0	0	7.0504	3.7219	0.57201	6.264	0	3.2407	0	0	0.99784	0.30808	0	0	5.7462	1.8862	0.73814	1.7539	0	0.35813	0	0	0.22499	2.737	1.7063	0	0.038054	0.12588	1.1672	3.73	2.509	0.43033	0	3.5404	0
GSM208615.CEL	3.8247	5.1636	0	7.0309	0	0.64612	0	1.4976	0.87797	1.6976	4.6308	0	0	0	2.7975	1.4383	5.3781	1.7879	6.434	0	0	4.054	0	0	0.53568	0.92309	0	0.018331	0	0	0	0	0	0.29559	0.58475	0	1.2	0	0	4.7352	4.3464	0	2.7426	0	0	2.2045	0	0.25044	0.08366	1.2146	0.07383	0.3854	0	2.5004	1.241	0	0.94049	4.7804	0	0.2502	0.50295	1.0504	0	1.2503	0	0.1357	0.22642	5.6229	0.48425	1.2946	0.92795	0.55039	0	2.13	0	6.3221	2.8585	0.95051	0	2.9387	0	0	0.12606	0.1445	2.9239	0.43499	0.86469	0	0	0	0.19802	0.051984	0.55446	0	0.25345	2.1987	0.39905	0	1.0898	0
GSM1553190_Persisters_T2.CEL	1.9932	5.0693	0	0	1.9434	0.12542	0	2.2342	0.56044	0	0.72594	0	0	0.26253	1.7497	0.13336	3.5988	0.12106	5.1106	0	0	0.24765	0	0	0	0.33501	0.6289	6.9959	0	0	0	7.9093	5.1705	0	0	0.098923	6.0878	0	0	0.10727	0.020618	0.5698	0	0	1.8185	0.93535	0.85635	0.42274	6.4265	3.8987	4.4674	0	6.6656	0.53199	0.10996	0	0	5.7591	0	0	0	0.52805	0	0.53705	0	1.6885	0	5.6232	0	0.50722	0.36532	0.073689	0	0	0	1.1426	1.8882	0.085431	0	7.5876	2.942	0	0	0	0.080666	0	0	0	0	0	0	3.121	0	0	0	1.166	0	0	0	1.3908
GSM1419147_BC_FOX.CEL	4.3574	4.9197	0	2.2511	0	4.3105	0.046464	1.2899	0	0	3.9534	0	0	0	0	3.2336	4.1751	0.068107	7.813	0.085129	0	1.0122	0	0	0	0	0	4.4994	0	0	0	0	0.57134	0.11402	0	0	0	3.8117	0	2.2832	1.9449	2.3594	0	1.2462	0	0.51651	0	0.33967	0	2.9257	0.47511	0	2.1496	0.025327	0	0	0	4.8024	2.7778	3.8927	1.8654	2.4406	0	0.36203	0	0	2.1371	6.1849	0	0.67996	1.0826	0.44289	0	0	0	0.77824	2.5466	0	0	5.7659	0	1.2221	0.36204	0	0.0073316	0.037035	0	0	0.27446	0	0.16654	1.7736	0.74058	0	0	0	0.62322	0	0	2.8394
GSM1027584_062508WT.CEL	0	3.7849	0	0	0	3.3939	0	0	0	1.3659	6.701	0.014899	0	0	2.7666	1.5443	4.2246	1.4564	3.8817	2.2606	0.39602	7.5463	0	0	1.2257	0	0	3.726	0	0	0	1.3371	0.95949	0.087744	7.8808	0	3.4277	3.2448	1.9716	0.70379	3.0374	1.293	0	0	2.6002	0	0	0.49033	0	4.9393	2.7003	0	2.3827	0	0	0	0.42323	2.9098	0	0.11588	0	0	0.087176	0	0	7.7588	1.8629	6.1096	0	0.039601	0.44222	0.78857	0	2.4921	0	2.8494	0	0	0	4.1297	0.32841	0	5.5767	0	0	1.3732	0.6786	1.2903	1.0973	0	0	2.0423	0	0	1.1205	3.4175	1.5224	0	3.0593	2.1399
GSM774159_B38-6M_3.CEL	0	5.4427	0	0	0	0	0	5.718	0.28874	0	2.0217	5.9549	3.3084	3.7838	0.79277	0	3.7875	1.1963	1.8359	0	1.4809	1.9401	0	0	0	0.41473	0	0.63379	0.43343	0	0	0	3.1522	2.7646	1.7973	0	0	0.2562	0	0	3.2195	0	0.73508	0	7.8482	1.0631	0	1.0576	0.17388	3.987	3.3503	0.8381	0	0	0	0	0	2.6521	0	0	0.91662	0	0.32558	0	0	0.87202	0	6.1973	1.3529	3.3076	0.12968	2.9846	1.1226	0	0	6.2331	0	0.23303	1.6942	5.2266	0	3.8591	2.1711	0	0	2.3238	3.8623	0	0.15839	0	0	1.2563	1.4895	0	3.5663	0	5.0309	0.37703	0	1.3422
GSM625978.CEL	0.49015	5.2889	0	5.9255	0	0	0	3.8128	0.26484	0	0.62239	0	3.9849	2.2343	0	1.5825	2.8834	0	5.2327	0.31596	0	0	0	4.1963	0	0	0	4.4015	0	0	0.87541	4.8589	0	0.46272	5.5716	0	0	0	0	0	0	0	1.3383	0.25584	0.85465	1.6766	0	2.2781	2.1731	0	0.22805	0.3545	4.6101	0.22886	0.69665	0	0	9.657	0	0	2.581	0.44309	0.59597	1.1153	0	4.0311	0	4.0646	0	0.0064168	0.23627	2.536	0	0	0	5.3827	0	0.66622	0	4.8658	0	0.53709	1.2707	0	2.7167	0	0	0.079831	0	0	0.56827	0.21931	0	0	0.21171	0.40738	0	0	0	1.5739
GSM267252.CEL	3.2511	4.0276	0	2.1345	2.3206	3.7519	0	0.94029	2.1094	0	6.2904	0.62815	0	2.8934	0	0	5.6287	0	3.9254	0	0	0.89889	0	1.0977	0	1.5202	0	3.5439	0	0	0.058915	0	0.36122	0.68124	0.13871	0	2.4678	0	0	1.1388	1.9095	1.8424	5.6531	0.060699	1.5826	0.39614	0	0	0.90101	4.3086	0.1759	0	2.4645	0.49216	1.4379	1.3137	2.6913	4.693	0.85109	1.0813	0	0.12753	0.012471	0.25064	0.090209	0.14281	0	6.5637	0.20628	0.59235	0.38658	1.5722	0	1.522	0	4.4088	0	0.005428	0	3.4144	0	0.021978	0.7158	0.082594	0.11177	0	0	0	1.3527	0	0	1.0708	0.81426	0.049331	0.74624	1.3947	0	0	0	3.2589
142_2014wt_anaero.CEL	0.47241	7.5636	0	1.7233	2.1386	0	0	0	0.26225	0	3.8386	0	0.82809	1.1433	8.1349	0	7.5029	2.3803	2.7424	0	0	2.624	0	0	0	0	0.5986	0	0	0	4.3588	0	0.83303	0.27296	0	0	0	0	0	4.1	0	0	0	0	6.6931	3.0833	0	2.0999	0	6.0135	6.1348	1.801	0.92864	0.97905	0.35756	0	0	2.7569	0.82017	0	0.25458	0.42579	1.3647	1.0679	0	0	0.94914	5.3036	0	0.26508	1.2681	0.8976	0.3627	0	0	6.9142	0.56571	0.29768	0	4.3523	0.090837	0	0	1.784	0	0	0.67911	3.8161	0	0	0	2.6963	1.8266	0	1.0349	1.2539	1.9658	4.3928	1.0575	0
GSM567543.CEL	0.12215	7.3881	0.13399	0	0.63275	3.2422	0	6.8657	0.33759	2.4491	0.36142	0.28128	0	0	1.8719	0	5.4735	5.3965	5.3661	0	2.5703	7.6404	0.1014	0	0.22256	0	0	0.10581	0	2.3575	0	0	0	0.24974	3.2549	0	0	2.9533	2.3242	0	3.1153	0	0	0	6.5009	0	0	0.74917	0.48863	0	0.5664	0	0	0	0	0.15798	0.37638	4.8059	0	0	0.34656	0	0	6.841	2.6491	2.4253	0	6.7272	1.8292	0.27231	0.28421	0.63575	2.9103	0	0	1.5791	0	0	4.9574	4.1945	0.14127	0	2.758	0	0	1.9056	0	0	4.9477	2.3427	0	0	2.2746	0.14531	0.37475	0	5.7962	0.061131	3.5988	0
GSM307126.CEL	0.6427	4.1043	4.2974	2.3055	5.753	6.2482	0	0	0.54047	0	4.5455	0	1.4783	0	1.5218	0	7.9257	0	4.9857	2.6936	0	0.22209	2.0225	0	0.41539	0.38154	0	6.7604	0	0	0	0	2.3242	0	0	0	0	0	0	1.5744	0.26997	0.60393	0.36758	0.77282	1.0943	0.43022	0	0.13421	0	0.089172	1.1506	0	7.817	0	0	2.5907	0.13966	1.2053	5.5467	1.622	0	0	0.2324	0	0	0.3233	0.20348	7.8968	3.3564	0.54733	2.9457	1.547	1.9668	1.0582	0	4.7295	0.97087	0	0	1.9277	3.3796	0	1.1079	0.43687	0.5585	0	0	0	0	0	0	0	1.1691	1.2297	0	3.8858	1.2863	2.4627	0.11667	0.26783
GSM1244970_PAO1-37-replicate-01.CEL	0	5.054	0.86524	0	4.0255	4.1869	1.4605	0.80745	0.16888	0	0.82831	0.13161	1.633	1.7374	0	2.272	5.4535	0.68966	4.1919	0	0	0.0034317	0	0	0	0	0	0	0	0	0	0	6.1649	0.030819	2.2088	0	0.1707	0.2346	0.32669	0	0	3.4997	0	3.3739	3.9244	0.61905	0.032266	4.1502	0.15272	0.30266	0.41506	0	1.1669	0.20337	0	0	0	2.5125	0	0	4.2913	0	1.5828	0	0.052109	0	0.80204	6.1228	3.9233	3.0026	4.7503	0	1.7149	0	3.7821	0	0.76231	0	0.42895	7.2818	0	0.66705	0	3.2275	0	0	3.8715	0	0.55526	1.4687	0	1.1081	0	0	1.3613	0	2.1815	1.483	0.6156	0
GSM864520.CEL	0	3.5004	0.085231	2.1437	0	0.52282	0	2.3813	0	0	4.2398	0.15061	1.605	0	0	7.0191	2.1316	0	7.5225	0	0	0	0	1.6429	0	0	0	0.10026	0	0	0.21509	2.0338	0.71967	0.74247	0.84516	0	0.38941	0.39968	0	5.8264	0	4.1509	0	0	6.0088	1.3405	0.13793	2.7889	3.6532	0.25977	0	0	0	0.0067074	0.12487	0	0	3.2335	0	0	0	0	0.50828	0	7.1249	0.61477	0	6.6311	0	0.004632	0.93045	0	4.3139	0.26742	2.8633	0	0	0.44628	0.14297	7.6213	0	0.45592	0	0	0.53468	0.2661	1.6038	0	0	0.81032	1.4389	0.7702	0	2.5794	2.3299	0	3.1612	0	3.8342	0
GSM980539_MHH1372.CEL	0.50555	4.9042	2.4634	5.4579	0	3.6109	0	0	0.73563	0	0.57266	0	3.2319	0.94274	0	2.9834	3.3208	0	4.2031	1.5088	0	0.40117	0	0	0	1.2339	0	3.0852	0	0	0	1.2194	0.67751	0	0.17368	0	3.0703	1.2536	0	2.3915	7.3749	6.258	0	1.1566	1.692	0.32984	1.4782	0	0	0.92446	1.8271	0	4.7504	0	0.37463	0	0	4.9778	0	0	0	0.14707	0	0	0	0	3.2523	8.0866	2.1094	6.1807	0.54967	2.8641	0	0	0.26331	0	0	0.56689	0	3.5572	0	0.75077	4.4406	0	0.33247	0	0.035755	1.8127	1.3145	0	2.2829	2.4856	0.74946	0	2.3821	0	3.2161	0.030274	0	0.48539
GSM898002_MHH0123_Pae_G1a.CEL	0	3.8058	0	0	0	3.02	0	5.5086	0.12784	0	0	0.019413	1.8636	0	0	0.03129	1.1623	0	7.5672	0	0	3.6815	0.89065	2.1948	0	0	0	0	0	0	0	2.1679	0.66495	0	1.5118	0	3.9626	0.60027	0	4.672	5.2105	6.6065	0	2.4923	2.9312	0	0.61485	0.070228	0.87205	4.4905	0.20929	1.5073	2.3169	0	0	0.74962	0.25317	2.8865	0	0	0.036339	0	0	0.026497	0	0	0	7.7958	3.0461	5.9946	3.5842	3.0118	0.61724	0.28717	3.7595	0	0	0.49866	1.1508	4.4031	0	0	0	0	2.0606	0	0	0.67689	2.1143	2.0644	4.705	0	0.28444	3.4233	3.2581	0	4.1406	0	0	0
control3_anaerobic_Pae_G1a.CEL	0	6.8881	0	0	2.6891	0.16148	0	0	1.6442	0	0	0.04201	5.7494	0.87459	0	0.47089	6.0543	2.2162	0.99589	0	0.036642	0	1.6897	0.90809	0	0	0	0.19871	2.6744	0	3.582	0	0.24501	0.073744	0.51238	0	0	0.85703	0	1.0597	0	0.85404	0	0	6.0783	1.6501	0	1.3647	1.8512	4.3077	1.1707	3.1118	2.6589	0.56085	0	0	0	4.2289	0	0	0	1.08	2.2925	3.846	0	0.29425	0	5.0753	0	3.203	0.82906	0.44691	2.9371	0	0	2.6649	0.25757	0.17394	0.17936	7.6557	0	2.2484	0.045809	0	0	0	2.354	0	1.3725	0	2.6782	0.041893	1.1943	0	0	0.9	0	0	2.0036	0.056699
Pae_Fe02_15.CEL	0	6.7997	0.49812	0	0	5.0927	0.74642	0.54465	0	0	2.0336	0	0	0	0	6.8511	3.9578	0	4.1794	0	0	0.44414	0	0.66425	0	0	0	1.2525	0	0	6.0004	2.3062	5.5424	0	4.7619	0	0.18808	0.33072	0	0	0	0.12069	0	0	1.0776	3.9848	0	0	0	2.55	0	0.015738	5.356	0	0	0	0	6.0744	0	0	4.6686	0	0	0.65045	0	0.67176	0.4572	6.1241	0	0.11764	2.2019	0.052984	0	0	0	3.5471	0.67377	0	0	9.8032	1.5829	0	0	0	6.2845	0.78195	3.7456	0	0	0	0.94645	0	0	0	0	0	0.53694	6.1791	0.83066	0
GSM307122.CEL	0.89567	4.7578	4.9728	3.0698	6.9526	1.7485	0	0	1.4592	0	1.6197	0	1.5506	0	0	1.3729	5.7221	0	2.4747	0	0	0.16753	0	0	0	3.2205	0	2.6628	0.48009	0	0	1.382	3.6492	0	0.061166	0	0.86484	0	0	0	0	2.9042	0.91533	0	2.7304	0.2073	1.3765	0	1.1871	2.6761	0	0	6.7041	0.66644	0	0.81855	0.99377	3.7853	0	2.0798	0	0.82695	1.2797	0	2.4842	0	0	6.2634	2.1083	1.8285	1.3538	0.64148	0	5.1148	0	5.2946	0	0	0	2.9671	0	0.89872	0.17337	0.05229	0	0	0.82806	0	0	0	0.65136	0.64682	1.2073	2.0497	1.5647	0	5.387	0.064698	0	0.88464
GSM567669.CEL	3.1663	6.5748	1.2367	0	3.1519	0.68427	0	5.1339	0	0	0	0	2.2413	0.46857	0	2.8559	5.6682	0.6776	1.143	0.18938	0	0.61431	0	0	0.7087	1.3139	0.731	0	0	0	0	0.3468	1.0336	1.4021	3.4533	0	0.34576	0.18531	0	0	0	0	0	0	3.1412	1.7474	0	0	2.0955	2.2117	4.051	2.579	4.2062	1.5954	0	0	1.4008	5.3367	0	2.5831	2.9885	0	1.1439	0	2.8759	0	0	5.1069	0	2.5146	0.67184	0.18686	0	0	0.49956	1.4831	2.5828	0	0	7.0064	0.62777	0	3.8217	0.47835	2.3458	0	3.0188	0	0.34359	0	1.7665	1.2054	0.97416	0.18177	0	0	0.1003	4.799	0	0
GSM717420.CEL	1.8185	4.38	2.0141	6.1773	1.1091	1.6716	0	0.49267	2.1173	0.25885	0.997	0	0	0	3.2932	0.22811	5.3673	0.68189	4.742	0.62716	0.72943	4.8863	0	0	1.2166	0.70213	0.30417	1.7874	0	0	0.24245	2.1825	0.33082	1.2415	4.7174	0	2.8338	0	0	0.16691	1.0408	1.0065	0	0	3.5417	1.8872	0.03612	0	1.2743	2.7446	0	0	6.0264	1.073	0	0.73245	0	4.157	0	0	0	1.406	0	0	0.87638	4.9905	1.7587	5.0876	2.503	0.2164	0.85073	0.50606	0.029451	2.4681	0	4.7964	0.33763	0.30068	0	0	0.11635	0	3.5119	0	0	0	0	3.3886	0.083401	2.2561	0	0	0.86991	0	2.4717	0.56366	4.7758	2.0003	0	0
GSM842841_Wright_3_WT-log-3_Pae_G1a.CEL	2.1815	5.5376	2.2525	1.7241	0	0	0	4.775	0.046461	2.0976	7.7786	2.9439	0.69515	0	0	2.5273	4.1199	0.94287	1.3619	0	0.88496	1.7259	0.77908	0	0	2.9363	0	2.1237	0	0	0.13197	0	0	0.97421	5.0664	0	1.8915	3.8839	0	0	1.0642	0	2.8273	0	5.2444	7.6586	0	0	0	0	0.92637	0	0	7.0518	0.0014293	0	0.043697	5.2496	0	0	0	1.8279	0	1.5852	0.43904	0.74044	0.86579	5.988	0.74093	1.2657	0.070534	0	0.13518	0.95961	1.8906	4.3738	0	1.2955	1.783	4.5903	0	0	0	0	0	0.3026	0.12275	0	0.99255	0	0	0	2.0454	0	0	0	0.74728	0.7656	3.7172	0
Tob2_aerobic_wdh_Pae_G1a.CEL	0.51719	5.2719	0	0.52334	1.6999	0	0	0	0.22289	0	0	0	2.5512	0.10233	0.053864	3.1051	4.7248	0.51493	4.0485	0	0	0	0.093146	0.14462	0.030802	0	0	0.7766	1.4668	0	3.3518	2.1213	0	0	0	0	1.2164	0.22498	0	5.1184	0	2.7423	0	0.13451	2.5652	0.82162	1.5238	0	2.7837	5.4735	1.6791	1.5245	5.0859	0.29363	0	0	0	5.0536	0.17761	1.738	0	0.74447	0.34544	2.9384	0.2251	0.81913	0.31294	4.5615	0	2.0509	2.0128	0	0.23022	0	0	0.66763	0.77937	0.053648	0	7.781	0	2.6826	0	0	0	0	2.567	0.21638	0	0	4.3997	0.60774	0	0	0	0	0	0.035785	0	1.1999
GSM625973.CEL	1.7584	4.6559	0	5.8324	0	0	0	4.83	0	0	0.41019	0.071834	3.5541	3.5973	0	2.4145	2.4655	0	5.2239	0	0	0.0033119	0	4.442	0	0.49005	0	2.5404	0	0	0.35329	4.9046	0	0.09064	4.3756	0	0	0.34437	0	0	0	0	2.4826	0.55683	0.43636	1.364	0	3.2402	2.1066	0.75213	0	0.80126	2.932	0	1.6329	0	0	9.3075	0	0	3.2002	0	0.32874	1.6573	0	4.5622	0	4.0889	0	0.19072	0.36431	2.1334	0	0	0	3.5255	0.04171	0.4763	0	5.1818	0	0	0.39603	0	3.4837	0	0	0	0	0	0.59222	0.1138	0	0	0.14151	0.25893	0	0	0	0.72327
GSM637597.CEL	3.6728	7.1527	0	0	1.1677	0.044087	0	3.0551	0	0	0.61361	0	0	0	0	4.5645	3.6338	0.42832	3.5154	0	0	0	0	0	1.3097	0	0	0	0	0	0	1.7866	4.8898	0	1.0862	0	0	0.18296	0.96512	0	0	0.68465	0.062547	0	0.45059	0.51131	0	0	0.62833	2.8841	0	0.45749	3.718	0	0	0.39885	0	5.2981	0.72669	3.4729	4.6392	0	0.052213	0	0	0.88869	2.7969	4.1457	0	0	0	0	0	0	0.1058	1.0517	8.2676	0	0	8.5631	1.845	0.058749	0	0	3.7872	0	1.8908	0	0	0	0	0	0	0	0	0	0	4.9303	1.0303	0
GSM1306129_Nomura_PAO1_KG-2_Pae_G1a_.CEL	6.8958	5.3941	0	0	2.4277	1.0685	0	2.2237	2.4692	0	4.9196	3.9549	1.0469	0	0	0	5.4196	4.2583	1.1753	0	0	2.4086	0	2.9589	0	2.3105	0	3.9916	0.47255	0	0	0	1.2524	0.20473	0	0	0	3.3112	0	0	0.26989	0	1.3052	0	5.2972	1.0903	0	0.77087	0	0	0	0	0	4.3676	2.5871	0	0.2609	2.3828	0	0	0.63289	0	1.0726	0.14859	0.31892	0.62941	0	5.2367	0.20569	0.96106	1.3948	0.69986	4.0478	0	0.25468	1.0254	2.0374	0.31051	1.2183	6.22	0	0.63133	0	0.85388	0	0.62715	0	0	0.54632	0	0	0	0.30342	0	0	0	0.57997	1.8565	0	2.5493
GSM290749.CEL	1.8436	6.3313	0.27603	3.994	1.1622	2.8602	0	0	2.829	0	2.1708	0	1.5516	0	0.1847	3.0712	5.6744	0	1.5267	1.9239	1.8585	0	0	0	0	0	1.6133	3.0889	0	0	0.84902	1.3816	1.561	0.68075	2.3941	0	0	0.45463	0	0.35877	0.13678	0	0	0.25234	6.453	1.05	0.48883	0	2.8336	0	0.23019	0.45095	8.1951	1.6134	0	0	0	4.0594	0.27309	0.19333	0	0.41063	0.18646	1.7223	2.8027	1.1186	3.1096	4.9628	0.0092912	0	0.37195	0.66792	5.2687	0.44573	1.0276	4.8921	1.2256	0.58075	0	2.2408	0.24269	0	4.8496	0	0	0.45215	0	2.1561	0.49967	0.63497	0	0	1.7122	0	3.478	0	3.2734	3.222	2.2604	0
GSM717424.CEL	2.6079	5.7812	0.19021	3.2496	6.031	0	0	1.1817	0.37794	0.10261	0	0.44187	0.29014	0.14853	0	2.7645	3.1997	0	4.1717	0	0	0.38332	0	3.8664	0	0.32318	0.3556	2.468	0	0	2.0431	3.5922	1.8337	0	1.7186	0	0.68107	0.03032	0	0	0	0	0.97965	0	0.94897	0.10912	0.51769	0	2.4318	3.3443	0	0	5.8043	0.025615	0	0	0	6.0498	0	0.3622	0.059302	1.9727	1.6465	0.19487	0.37361	0.34621	0.071657	4.1755	0	0.78085	0.45082	0.51314	0	1.1934	1.4272	4.0518	5.8965	0.24537	0	6.8241	0	0.80416	0.012447	0	0	0	0	0	0	0	0	0	0	0	0.27512	0	1.742	0	0	4.7472
GSM551151.CEL	2.0405	3.5808	0.9641	4.2833	0	1.3298	0	0.22178	0	0.0053248	6.4627	0	0.13072	0	0.73365	4.9533	3.3201	0	5.4578	0	0	1.3198	0	0	0	0	0	3.9009	0	0	0	1.622	0.3602	1.1181	2.0963	0	0	0.75892	0	1.6242	1.0563	0.90983	2.0757	0	1.1911	0.1323	0	0	1.0186	1.1112	2.1542	0	4.4781	0	0	0.063048	0	5.9072	0.017881	1.751	0.40894	2.1119	0.44487	0	0.63192	3.4893	3.828	5.1562	0	2.2376	1.4654	0.68046	0	1.6265	0	6.0862	0	0.25863	0	2.9575	0	0.047213	0.77362	0	0	0	0	0.090571	0.25301	0	0	0.67542	0	0	1.1731	2.0119	0	0	2.5493	1.8646
GSM252561.CEL	0	4.9725	2.4543	0	0	1.689	0	2.1237	0.39376	1.4174	0	0	0	0	0.7965	3.2924	3.7875	0	1.8182	2.1185	0	6.131	0	0	0.70313	0	0	1.978	0	0	0	3.9056	2.4994	1.3642	3.1674	0	4.0231	0.048662	1.0492	7.4172	5.7746	7.8138	0	0	3.0334	5.0013	1.8064	1.3458	1.0942	0.8382	0.72606	0	3.3485	1.3018	0	0	0	3.9269	0.85084	0	0	0	0	0.82839	3.0685	0	0	5.6689	1.9173	0.41054	0.5408	3.2241	0	0.3362	0	0.71375	0	0.024195	0	3.5556	0	4.3426	2.4192	0	0	0.11356	0	0	0	0	0	0.64362	0	1.1035	0	0	1.6398	0.26779	0	0
GSM307125.CEL	1.9531	3.8816	3.5931	2.4	6.8308	5.0361	0	0	1.1683	0	3.5297	0	1.2247	0	1.117	0	7.4619	0	4.14	1.9248	0	0.53131	1.4427	0	0.26547	1.5358	0	5.68	0	0	0	0	2.2921	0	0	0	0	0	0	1.4061	0.32209	1.3288	2.087	0.44386	0.58617	0	0	0	0.29056	1.1858	1.0412	0.11729	7.1235	0.22362	0	2.2483	0.69745	1.8707	4.7064	2.2363	0	0	0.91775	0	0	0	0	7.0134	2.9087	0.92554	2.8594	1.3138	1.0533	2.1257	0	4.8099	1.393	0	0	2.0811	2.6498	0	0.38222	0.16967	0.48666	0	0	0	0.091428	0	0	0.19673	0.89658	0.73905	0	3.7442	1.3475	1.7967	0.16684	0.90213
GSM774118_CF333-1991a.CEL	2.3886	5.2163	0	0	2.4096	0	0.98493	1.5361	1.4986	3.4825	1.2249	4.1666	4.7873	1.3754	0.67226	0	5.0497	0.37922	2.4225	0.57971	4.2599	0	0	0.44263	0	0.92559	0	1.6081	6.2318	0	0	0	0	0	3.9844	0	0	0.68462	0	0	3.9004	0	1.062	0.14139	5.4564	0	0	0	0.30914	0	3.058	0.62435	1.6976	0.69079	1.5135	0	0	4.5424	0	1.0167	0	0	1.5332	0	0.18929	0	1.5977	6.3252	1.6291	4.2203	0.92794	0.64083	0.91119	0	0	5.9265	0.59404	0.25379	0.63392	4.3196	0.34027	0	0.85517	0	0.61254	0	0	0	0.073529	0	0.12732	0	1.921	0.15659	1.6394	0	0.68486	1.3511	0	0
GSM897998_MHH0107_Pae_G1a.CEL	0.10973	6.0019	1.7529	1.9644	0	7.2459	0	0	0	0.71897	0.14691	0	3.0893	0	0	2.8291	5.9609	2.9646	1.5192	2.512	0	1.4277	0.70229	0	0	1.0761	0	1.1245	0.95913	0	0	1.7986	0.12672	0	0	0	0	0.75715	1.4282	7.8226	4.7488	0.78337	0	0	3.6211	0.15604	0	0	0.08627	0	0.29911	1.2646	2.1652	0	0.2736	0	0.64026	3.0576	0	0	0.036557	0.14884	0	0	0.72535	1.6182	1.4324	5.5256	1.2181	4.7916	2.5785	1.8145	3.5936	0.30472	5.1949	0.66938	0	0.086397	0.057703	2.6025	0	1.3062	1.6049	0	0	0	1.8807	3.2768	0	0	1.3832	0	0.90077	0	0	1.2449	1.5364	0	0	0.45799
GSM774104_CF114-1973b.CEL	2.735	6.8957	0.9617	0	0	0	0	5.3058	0	0	0	6.5516	5.3727	2.6485	0.013902	0	4.836	2.5691	0.7354	1.7724	2.0072	0	1.4123	0	0	3.0371	0	1.1418	1.0821	0	0	0	0.16456	0.88757	0	0	0	1.2462	0	0	1.304	0	1.0013	0.12645	6.1987	1.3422	0	1.1099	0	0	0.3903	1.4259	0.25299	0.2736	3.0408	0	0.055195	3.4706	0	0	0	0	0.41171	0	0.47612	2.5627	0	7.4457	1.5756	0.24529	0.86213	2.6893	5.5577	0	0.56583	0.84801	0.12891	0.47563	1.0642	5.3	0	1.0371	0.15713	0	0	3.2491	0.14996	0	0	0	0	0	1.0956	2.0608	0	0	0.31286	3.5768	0	0.36472
GSM994500_HM4-replicate-02.CEL	0	6.3084	0	0	0	0.14498	0.26314	5.5353	0	0	0	0	2.5837	0	0	2.7536	3.3285	4.4938	1.4631	0	0	4.1296	0	0	0	0	0	0	0	0.4482	0	0	6.1421	0	8.565	0	0.83178	1.3665	3.5147	0	4.3726	1.3838	0	0.46192	2.7394	0.57958	0	0.16881	0	8.2858	6.8699	0	0	0	0	0	0.51154	2.8311	0	0	4.3473	0	0	0	0.2587	3.7051	0.36651	5.4742	0	6.0867	1.0211	1.6525	0.84277	0	0	0	0	0	0.24336	9.3081	0	0	0	2.0864	3.1491	0	6.4671	0	0.11601	0	0	0.24675	0	0	0	0	0	2.3286	0.25013	0
GSM838218_PAO1-5344-1_Pae_G1a.CEL	0	4.6656	0.50809	0	2.6923	1.6802	0	0	0.48937	0	0	0.017663	2.393	0.98058	3.2713	0	3.6642	0	4.4879	1.0615	0	0	0	0	0	0	0	0.74323	0	0	0	1.1888	6.3567	1.642	2.9579	0	0	0	0	2.1908	0	4.4394	0	0	4.6388	1.1197	0	7.5782	2.6039	0	0.45448	0.24738	8.612	0	0	0	0.066859	2.9477	0	0	0	0.51021	0.43215	0.77956	0	0.068092	0.0047189	6.4847	3.7928	0.71262	5.9143	0.12413	3.5629	0.02279	0	0.33859	0.32782	0	0	5.1057	1.94	0.37208	2.0824	0	0.36173	0	0	0.64457	2.5865	2.0382	0	0	0.0059674	1.5966	4.2006	2.7945	0.051759	0	3.4414	0
SJ16_Treated_1.CEL	3.6263	4.451	0	1.0059	3.6104	0	0	1.5803	0.34698	0	0.53309	1.7361	0	0.061292	0.49033	1.8872	2.9415	0	3.4101	0	0	0.18565	0	2.8186	0	0	0	5.1723	0	0	0	4.5138	0.65541	0.65774	1.8986	0	1.8256	0	0	0	0	0	3.8807	0	0.62812	0	0	0.41048	4.3617	2.7297	0	0.43696	6.4664	0.44716	0	0	0	6.9107	0	0	0	0.31176	1.7644	0.16425	0	1.7354	0.39491	4.0282	0	1.2425	0.24021	0.55915	0	0	0.34015	3.0461	4.765	0	0	6.5579	1.8839	0.88852	0	0	0	0	0	0	0.059766	0	0	0.021137	0	0	0.020621	0.64227	0	0	0.42018	5.475
GSM1267089_HZI1952_Pae_G1a.CEL	0.73155	5.2166	0	2.2674	3.8576	3.9398	1.1655	0.069135	0.26538	0	0	0.43759	0	0	0.11364	0	5.3414	1.1905	5.8821	3.202	0.30502	2.6274	0	0.35266	0	0.40492	0.6803	1.0176	0.047625	0	0	0	0.91326	1.2038	6.7606	0	0.21009	0	0.85938	0	1.4631	1.2295	0	1.6724	1.3616	0	0.21198	0	0	3.4964	0	0	3.966	0	0	0	0	3.0417	0.36777	1.3873	0	0.070764	0.81323	0	0	4.332	0.24302	5.4992	4.5319	0	1.4005	0.3652	0.72504	6.0264	1.5888	1.5426	0	0.1089	0	0.42732	0.042665	0	1.1844	0	0	0.84354	0	0.88075	1.115	3.2839	0	0	0	0	4.5004	1.7046	1.7958	0.91724	0.25086	0.040977
GSM1143376_A2_Pae_G1a_.CEL	1.6051	3.5125	0	1.7207	1.0151	8.412	0	0.96132	2.6128	0	3.0093	0	0	0	0	0	5.2979	3.0605	5.2553	1.9379	0	3.6362	0	0.71448	0	0	0	4.2634	2.4149	0	0	0	0.14133	2.5917	0	0	0.79319	1.1595	0.15912	0	5.5866	2.8118	0	1.5634	1.408	1.2313	0	3.8012	0.57709	1.0344	0.48082	0	0.52325	0.63561	0	0.46088	0	2.1067	2.8605	0	0.67095	0	0.35668	0.60734	0.65154	0.05529	0	6.4928	3.5207	1.1331	1.4901	0.024757	1.0974	0.48084	0	3.2674	0.41438	0	1.4014	2.6277	0.4562	0.50976	1.2138	3.7188	0.15987	0.23759	0	0	1.4057	2.4241	2.0588	2.1749	0.26473	0	0.51989	1.755	0.086923	0.39737	0	0
GSM1958032_AMV_1.CEL	8.7996	5.6895	0	0	3.0453	0	0	2.7187	1.2042	0	3.371	4.0589	0	0.20064	0	0	5.0888	2.7131	0.70346	0	0.076721	0.71888	0	2.1286	0	1.0205	0	1.4417	0	0	0	0	1.5806	0.48439	1.0035	0	0.34524	2.3091	0	0	1.1457	0	1.9305	0	3.1239	0	0	0.81132	0.83834	1.1285	0.49542	0.64462	0.12162	1.9475	0	0	1.1801	3.9755	0.18827	0	0.50854	0	1.249	0	0.080342	2.3318	0	4.7568	0	0.31685	1.0843	0.67737	1.2562	5.7437	0.45307	0	4.7779	0	0	7.7946	0	0.53633	0.12035	0	0	0.5501	0.42007	0	0.0036671	0	0.28729	0.088032	0	0	0.36535	2.1747	0.14699	0	0	4.1766
GSM1141730_PA01_ZnO_PZO_.CEL	0	2.9019	0.41675	5.0123	0	2.0161	0	0.96155	0.092937	0	3.7081	1.6447	2.1667	0	0.60822	2.8662	2.3078	0	8.1354	0	0	1.8104	0	0	0	0	0	4.6162	0	0	0	3.0274	1.8746	1.3972	0	0	0	0	0	2.0971	0	5.0785	0	0.15377	3.1662	3.2947	0	2.3788	2.509	1.666	0.8133	0.19931	4.1429	0	0	0.88396	0.14268	3.2093	0	0.086304	2.2813	1.268	0.17462	1.0122	0	0.77317	1.7107	5.6629	1.839	1.3666	2.9898	0	1.2474	0	0	5.011	0	0.21811	0	2.8927	0	2.3728	0.11791	0.74224	0	0.23009	0	0	0.056863	1.4404	1.7144	4.2511	0	0	4.5952	0.16356	2.6627	0	1.0426	0
GSM267256.CEL	0.92511	3.16	0.49868	2.4714	2.4308	4.1443	0	0.96936	1.3788	0	4.3662	0.95869	0	1.3039	0	1.313	4.0827	0	6.2893	0.082047	0	0.23436	0	1.0381	0	0.91848	0	4.7389	0	0	0.56791	0.71908	0.38118	0.57625	0.087316	0	1.6899	0	0	1.244	0	3.6836	2.8359	0.5603	1.1402	0.51486	0	0.34405	2.0157	4.9525	0	0	3.9339	0	0.081786	1.7327	1.2417	4.1763	1.3706	0.96799	0	0.71699	0.53438	0.12559	0.021679	0.30772	0.047913	5.9306	0.95412	0.22183	0.84876	0.59456	0.30005	2.5033	0	3.16	0	0.03535	0	1.9973	0	0.070441	0.90055	0	0	0	0.058753	1.5418	1.0582	1.0276	0.080466	2.3434	0	1.2097	1.5007	0.77852	0.094752	0	0	2.712
GSM537321.CEL	0	5.0353	0	4.6713	0	0	0	0.091255	2.3492	0	0.8134	0.1774	0	0.33969	6.1033	0	2.1435	0	7.6579	0	1.8692	0.59696	0	3.6953	0	0	1.8026	5.831	0	0	7.9373	2.0837	0.73459	1.4362	9.2142	0	0.36682	0	0	0.43009	0	0	0	0.11056	0.87527	5.3903	0	1.9499	0	5.6728	0.28204	3.0876	6.3507	0	1.5316	0	0.29852	4.7053	0	0	0	3.5088	0	0	0	0	0	3.6418	0	0.079959	0.60631	1.9621	0	0.13211	0	10.252	0.10516	0.32641	0	1.7409	1.992	0	2.4197	0	2.1386	0	0	6.6149	0	3.3649	0	0.45748	0.3401	0.38555	0	0.98719	0	1.0151	0.5532	1.7899
GSM541648.CEL	0	3.4109	0	0	0	3.1985	0	5.8943	0.46349	0	0	0.19551	2.165	0	0	0	1.1884	0	6.8914	0	0	3.5216	1.011	1.984	0.20658	0	0	0	0	0	0	2.1991	0.54815	0	0.94743	0	3.3748	0.41291	0	4.8244	4.8038	6.376	0	2.3492	2.7225	0	0.39193	0.074095	0.89173	3.4521	0.078528	1.7275	2.5114	0.21759	0	1.1301	0.34188	2.5016	0	0	0	0	0	0	0	0	0	6.9874	3.3405	6.1318	3.6181	2.7638	0.95092	0.39291	4.149	0	0.27006	0.58945	1.1181	4.0366	0	0	0	0	1.9975	0	0	0.69648	1.8631	2.0703	4.4675	0	0.53733	3.1168	3.455	0.15882	3.386	0	0	0.033551
GSM1958033_AMV_2.CEL	8.7839	5.7145	0	0.16431	0.92602	0	0	3.2332	1.924	0	3.5542	4.9753	0	0.42757	0.40494	0	5.5786	4.3232	1.2162	0.22657	0.99584	1.6806	0.23191	0.81231	0	1.1046	0	0.78535	0	0	0	0	0.60607	0.95686	1.2185	0	0.17889	3.7684	0	0	1.7612	0	1.2155	0	3.8351	0	0	0	0.65338	0	0.0033267	1.3673	0	2.274	0	0	1.0904	3.695	0	0	0.76738	0	0.28419	0.047915	0	3.5864	0.11944	5.3406	0	0.5619	1.301	1.1169	0.63555	7.0279	0	0	3.1687	0.14637	0.21602	5.661	0	0.18068	0	0	0	1.2066	0.74043	0	0.10183	0	0.60944	0	0.45234	0	0.69844	3.023	0.53249	0	1.2264	2.6129
GSM541642.CEL	0	4.8269	3.8288	0.95605	0	4.4573	0	0.35602	0.094483	2.5749	1.6316	0	0.51617	0	0	3.8264	4.1847	0	2.0346	2.5578	0	1.4598	0	0	0.23654	1.2859	0	0.70347	0	0	0.17089	2.9907	0.2434	0.19803	0	0	2.8957	0.39578	0	5.9022	7.3824	5.8693	0	0.25499	0.96173	4.1663	1.4997	3.174	0.71839	0	0.14275	0	2.9703	0	0.25399	0	0	5.4567	0.1487	1.0671	0	0	0	0	0	0.30242	0.4281	7.0923	3.6277	6.246	0.18836	1.6947	0.45497	1.5638	2.1088	2.2424	0	0.50111	0	0.94666	0	0	1.8493	0	0.45122	0	0	0.65767	0.82303	0	0	0	0.39982	0	1.2472	0	0	0.42293	0	0
GSM1419155_BC3_CAZ.CEL	3.6679	3.6694	0	4.0598	0	1.6704	0	1.996	0	0	5.8475	0	0	0.13041	0	4.867	3.2225	0.22843	8.4016	0	0	0.76414	0	0	0	0.1453	0	3.8207	0	0	0	0.083833	0	0	0.68585	0	0	3.7429	0	1.7141	0.62904	1.4093	1.0726	0	0.44938	2.0625	0	0.12081	0	2.9074	0.33143	0.3594	1.4237	0	0.48617	0	0.26531	4.4698	1.8792	3.2125	2.5637	2.9223	0	0.028638	0	0.078982	2.8322	4.6943	0	0.89123	0.4545	0.25399	0	0	0	2.8235	1.3598	0.019902	0	4.2608	0	1.1648	1.1414	0	0.53647	0	0	0	0.31012	0	0	1.4009	0.58526	0	0.35489	0	0.33122	0	0.28467	3.0091
GSM2070481_OCio-01-MutS-1-start-Pae_G1a-a1.CEL	1.8277	3.8024	1.6594	0	0	7.6533	0	2.0714	0	0.65323	4.2655	0.70385	0	0.77457	1.9388	1.0784	5.5566	3.5093	2.1094	1.308	1.0658	4.1127	2.4	0	1.01	0	0	5.1436	0	0	0	0	0	0	0.10582	0	0.85805	5.0625	1.4355	2.3904	0.75905	2.4877	0	0.44721	4.5063	1.0322	0	1.4786	0.30228	0.26723	1.6732	0	0	0.13899	0	3.0964	0	2.8385	0	0	0	0	0	0.77441	0.28761	1.7504	1.1193	6.0443	1.2627	0.40262	0.53856	0.6984	0.39298	0.69889	0.45343	0	0	0	1.9023	3.2736	0.51435	0	0.4155	0	0	0.44998	0.4218	2.1978	0.83469	1.7341	0.80435	0.18913	1.2833	1.6786	0	3.3025	0.21015	0	0	1.4248
GSM821092_HZI0148_Pae_G1a.CEL	4.2355	7.9851	0	3.6641	7.304	0.23792	1.4789	0	0.64387	0.41367	4.6755	0	2.0312	0	0	0	6.7749	1.3364	1.5915	0	2.1283	0	0	1.4578	0	2.7083	1.5205	1.8157	0	1.7948	0	0	0.38553	0	0	0	0.77793	0	0	0.28209	0	0	0	0	6.598	3.1134	0	1.3707	3.4676	0	0.11884	4.1538	1.558	4.2388	0	0	0.28002	4.2833	0	0	0.29555	0	0.13299	0.82766	0.27828	0	3.6886	4.6782	0	0.81884	0.58115	0	5.4012	0	2.4922	3.8684	3.6741	0	0	4.0024	0	1.1038	0.042018	0	2.3817	0	0	4.5026	1.5071	0	0	0	0.22363	0	5.2871	0.9607	1.7868	0.32401	5.6761	0
GSM1420993_PAO1_NO2.CEL	4.1453	4.7831	0.757	0	0	1.0737	0.17035	0.55122	0.54812	0	3.2554	0.19628	3.6949	0	1.4322	0	6.5476	2.7063	0.91382	0.16621	1.9328	0.52935	0.32736	1.2559	0	0.061178	0	0.1392	4.3465	0	0	0	0	0	0.11722	0	0.55889	0.47218	0	0	2.8492	0	0.19524	0	4.3869	1.2002	0	0.22226	0.10216	0	1.1385	0.35888	0.11403	7.7365	3.0502	0	0.31713	3.1571	0	0.23229	0	1.2631	0.27505	0.56817	0.68514	0.060872	0	5.561	2.7124	0.66523	2.117	1.0187	2.0831	0.86356	0	4.7671	2.5188	0.65991	0.97632	3.983	0.54309	0	0.53101	2.1573	1.2396	2.0996	0.73602	0	0.61905	0.45398	2.8625	0	1.3138	0	0.5302	0.47027	0.57866	0.55493	0	0
GSM1244968_PAO1-22-replicate-02.CEL	0	3.3668	0.48655	0	1.0469	4.3374	0.70472	0	1.1421	0	0.65969	0.21326	0	0	0	4.5261	3.1742	0	4.9597	0	0	0	0	0.0023169	0	0	0	0.26814	0	0	0.2635	0.82178	5.5165	0	1.9175	0	1.1166	0	0	1.0153	0.74418	4.6881	0	4.2362	3.4982	0.78894	3.6396	0	0.043324	3.0027	0.90128	0	2.6439	0.49293	0	0	0	1.7042	0.26089	0	4.7088	0	0	0	1.7543	0	0.32551	6.1044	3.1931	3.1088	4.6396	0.026696	0	0	4.9324	0	0.10895	0	0	6.4384	0	0	0	3.1321	0.1907	0.23551	4.4157	0	0	1.1795	1.2024	0.86125	0	0	0.24958	0	6.2676	2.994	0	0.13034
